 200 9876
 3 1
 3 2
 4 2
 5 1
 5 4
 6 3
 6 4
 6 5
 7 1
 7 2
 7 5
 8 1
 8 3
 8 6
 8 7
 9 1
 9 3
 10 1
 10 4
 10 6
 10 7
 10 8
 11 1
 11 2
 11 5
 11 6
 11 7
 11 8
 12 7
 12 9
 13 2
 13 3
 13 5
 13 7
 13 8
 13 9
 13 12
 14 1
 14 2
 14 4
 14 6
 14 8
 14 9
 14 10
 14 13
 15 1
 15 4
 15 6
 15 9
 15 11
 15 14
 16 3
 16 4
 16 5
 16 7
 16 9
 16 12
 16 13
 16 15
 17 2
 17 5
 17 6
 17 8
 17 12
 17 15
 17 16
 18 6
 18 7
 18 11
 18 13
 18 14
 18 15
 19 3
 19 4
 19 5
 19 7
 19 12
 19 14
 20 3
 20 7
 20 8
 20 14
 20 15
 20 17
 20 18
 21 1
 21 2
 21 4
 21 6
 21 8
 21 9
 21 11
 21 13
 21 15
 21 18
 21 20
 22 1
 22 2
 22 3
 22 5
 22 6
 22 8
 22 9
 22 10
 22 13
 22 15
 22 16
 22 17
 22 20
 23 2
 23 8
 23 9
 23 11
 23 15
 23 16
 23 19
 23 22
 24 1
 24 4
 24 6
 24 7
 24 10
 24 11
 24 15
 24 16
 24 19
 24 22
 25 3
 25 5
 25 6
 25 7
 25 11
 25 14
 25 16
 25 21
 25 23
 25 24
 26 1
 26 4
 26 5
 26 6
 26 9
 26 12
 26 13
 26 15
 26 18
 26 19
 26 20
 26 23
 26 25
 27 2
 27 3
 27 5
 27 6
 27 8
 27 9
 27 15
 27 17
 27 19
 27 22
 27 25
 28 1
 28 2
 28 3
 28 6
 28 8
 28 9
 28 11
 28 12
 28 15
 28 16
 28 17
 28 18
 28 21
 28 22
 28 24
 28 25
 28 26
 28 27
 29 1
 29 2
 29 3
 29 5
 29 7
 29 9
 29 12
 29 13
 29 15
 29 16
 29 18
 29 19
 29 20
 29 22
 29 27
 29 28
 30 1
 30 2
 30 4
 30 5
 30 7
 30 8
 30 9
 30 12
 30 14
 30 16
 30 18
 30 22
 30 24
 30 28
 31 7
 31 8
 31 10
 31 11
 31 13
 31 15
 31 16
 31 17
 31 18
 31 19
 31 23
 31 24
 31 25
 31 26
 31 28
 32 3
 32 4
 32 9
 32 10
 32 11
 32 12
 32 15
 32 16
 32 17
 32 19
 32 21
 32 22
 32 23
 32 27
 32 28
 32 29
 32 31
 33 1
 33 2
 33 4
 33 5
 33 6
 33 7
 33 14
 33 15
 33 18
 33 20
 33 22
 33 23
 33 24
 33 32
 34 3
 34 6
 34 7
 34 9
 34 14
 34 15
 34 16
 34 18
 34 19
 34 20
 34 26
 34 27
 34 28
 34 29
 34 32
 34 33
 35 2
 35 8
 35 9
 35 10
 35 11
 35 16
 35 20
 35 21
 35 24
 35 26
 35 27
 35 29
 35 32
 35 34
 36 2
 36 3
 36 5
 36 8
 36 10
 36 11
 36 12
 36 16
 36 19
 36 23
 36 27
 36 28
 36 29
 36 30
 36 32
 36 34
 37 4
 37 5
 37 6
 37 8
 37 9
 37 10
 37 12
 37 13
 37 15
 37 17
 37 18
 37 19
 37 21
 37 23
 37 27
 37 28
 37 32
 37 33
 38 1
 38 6
 38 7
 38 8
 38 10
 38 13
 38 15
 38 18
 38 19
 38 23
 38 24
 38 25
 38 28
 38 29
 38 30
 38 32
 38 33
 38 34
 38 35
 38 37
 39 1
 39 4
 39 5
 39 6
 39 10
 39 11
 39 12
 39 17
 39 18
 39 21
 39 23
 39 26
 39 27
 39 28
 39 29
 39 32
 39 33
 39 34
 39 35
 39 38
 40 1
 40 3
 40 4
 40 5
 40 6
 40 7
 40 8
 40 10
 40 11
 40 12
 40 13
 40 16
 40 18
 40 20
 40 21
 40 23
 40 25
 40 29
 40 30
 40 31
 40 32
 40 33
 40 35
 40 36
 40 37
 40 39
 41 4
 41 5
 41 7
 41 9
 41 10
 41 13
 41 14
 41 16
 41 19
 41 21
 41 22
 41 25
 41 26
 41 30
 41 31
 41 32
 41 33
 41 34
 41 36
 41 37
 41 38
 41 39
 41 40
 42 5
 42 6
 42 7
 42 8
 42 17
 42 18
 42 19
 42 21
 42 23
 42 24
 42 26
 42 27
 42 29
 42 30
 42 31
 42 33
 42 35
 42 36
 42 40
 43 1
 43 3
 43 4
 43 6
 43 9
 43 10
 43 13
 43 14
 43 15
 43 18
 43 19
 43 20
 43 21
 43 22
 43 23
 43 26
 43 27
 43 29
 43 30
 43 31
 43 32
 43 33
 43 34
 43 42
 44 1
 44 4
 44 6
 44 11
 44 12
 44 14
 44 15
 44 16
 44 19
 44 22
 44 23
 44 24
 44 26
 44 29
 44 30
 44 31
 44 32
 44 36
 44 37
 44 38
 44 39
 44 40
 44 41
 44 42
 44 43
 45 2
 45 4
 45 6
 45 7
 45 10
 45 13
 45 14
 45 16
 45 18
 45 24
 45 26
 45 31
 45 32
 45 33
 45 34
 45 37
 45 39
 45 40
 45 41
 45 42
 46 2
 46 3
 46 4
 46 7
 46 8
 46 9
 46 10
 46 13
 46 15
 46 17
 46 19
 46 21
 46 23
 46 25
 46 26
 46 28
 46 29
 46 32
 46 33
 46 34
 46 39
 46 40
 46 42
 46 44
 47 2
 47 3
 47 4
 47 5
 47 6
 47 7
 47 10
 47 12
 47 16
 47 19
 47 22
 47 25
 47 26
 47 28
 47 29
 47 30
 47 31
 47 33
 47 35
 47 38
 47 39
 47 41
 47 42
 47 44
 47 45
 48 1
 48 2
 48 4
 48 6
 48 7
 48 8
 48 10
 48 13
 48 16
 48 17
 48 21
 48 23
 48 24
 48 26
 48 27
 48 31
 48 33
 48 34
 48 36
 48 40
 48 41
 48 42
 48 43
 48 46
 48 47
 49 1
 49 2
 49 3
 49 5
 49 7
 49 8
 49 10
 49 12
 49 13
 49 14
 49 15
 49 16
 49 20
 49 22
 49 23
 49 24
 49 26
 49 28
 49 31
 49 32
 49 35
 49 36
 49 37
 49 38
 49 39
 49 40
 49 41
 49 42
 49 45
 49 46
 49 47
 49 48
 50 1
 50 3
 50 4
 50 5
 50 6
 50 10
 50 11
 50 14
 50 15
 50 17
 50 18
 50 20
 50 21
 50 22
 50 23
 50 24
 50 25
 50 26
 50 28
 50 29
 50 31
 50 32
 50 34
 50 35
 50 38
 50 39
 50 40
 50 41
 50 42
 50 43
 50 47
 51 1
 51 3
 51 4
 51 6
 51 10
 51 11
 51 12
 51 16
 51 22
 51 23
 51 25
 51 26
 51 27
 51 28
 51 29
 51 30
 51 31
 51 35
 51 36
 51 38
 51 39
 51 40
 51 41
 51 43
 51 44
 51 45
 51 47
 51 50
 52 3
 52 4
 52 6
 52 8
 52 10
 52 11
 52 12
 52 14
 52 16
 52 18
 52 23
 52 29
 52 31
 52 32
 52 34
 52 35
 52 40
 52 41
 52 42
 52 43
 52 46
 52 47
 52 48
 52 49
 52 50
 52 51
 53 1
 53 2
 53 4
 53 5
 53 7
 53 11
 53 12
 53 13
 53 15
 53 16
 53 19
 53 20
 53 22
 53 23
 53 26
 53 27
 53 28
 53 31
 53 33
 53 34
 53 35
 53 36
 53 39
 53 40
 53 41
 53 42
 53 47
 54 2
 54 5
 54 6
 54 9
 54 10
 54 11
 54 12
 54 14
 54 16
 54 17
 54 19
 54 20
 54 21
 54 22
 54 23
 54 24
 54 25
 54 26
 54 27
 54 29
 54 33
 54 34
 54 35
 54 36
 54 37
 54 38
 54 41
 54 43
 54 44
 54 45
 54 48
 54 51
 54 52
 54 53
 55 1
 55 3
 55 10
 55 11
 55 12
 55 13
 55 16
 55 18
 55 27
 55 28
 55 31
 55 32
 55 34
 55 35
 55 36
 55 38
 55 39
 55 40
 55 47
 55 48
 55 54
 56 2
 56 4
 56 8
 56 9
 56 11
 56 12
 56 13
 56 14
 56 16
 56 19
 56 22
 56 23
 56 24
 56 26
 56 28
 56 29
 56 32
 56 34
 56 35
 56 36
 56 38
 56 41
 56 42
 56 43
 56 45
 56 48
 56 49
 56 51
 56 52
 56 53
 56 55
 57 3
 57 4
 57 5
 57 6
 57 7
 57 9
 57 12
 57 13
 57 14
 57 15
 57 17
 57 22
 57 23
 57 24
 57 25
 57 30
 57 33
 57 37
 57 38
 57 39
 57 40
 57 42
 57 43
 57 46
 57 48
 57 56
 58 3
 58 5
 58 6
 58 8
 58 11
 58 12
 58 14
 58 15
 58 16
 58 19
 58 20
 58 22
 58 23
 58 26
 58 29
 58 31
 58 32
 58 33
 58 34
 58 35
 58 36
 58 37
 58 40
 58 43
 58 44
 58 46
 58 47
 58 48
 58 49
 58 50
 58 53
 58 56
 58 57
 59 2
 59 7
 59 8
 59 12
 59 14
 59 15
 59 16
 59 23
 59 27
 59 31
 59 34
 59 35
 59 36
 59 37
 59 40
 59 41
 59 43
 59 44
 59 46
 59 47
 59 48
 59 49
 59 55
 59 56
 59 57
 59 58
 60 2
 60 6
 60 8
 60 9
 60 10
 60 11
 60 13
 60 18
 60 20
 60 22
 60 24
 60 31
 60 32
 60 34
 60 35
 60 38
 60 41
 60 42
 60 43
 60 45
 60 46
 60 47
 60 49
 60 50
 60 51
 60 52
 60 56
 60 59
 61 1
 61 2
 61 6
 61 7
 61 8
 61 9
 61 10
 61 12
 61 13
 61 15
 61 22
 61 23
 61 26
 61 28
 61 33
 61 37
 61 44
 61 46
 61 48
 61 49
 61 51
 61 53
 61 54
 61 56
 61 58
 61 59
 61 60
 62 1
 62 4
 62 5
 62 8
 62 11
 62 18
 62 20
 62 22
 62 25
 62 27
 62 28
 62 29
 62 30
 62 31
 62 34
 62 36
 62 38
 62 39
 62 41
 62 45
 62 46
 62 47
 62 48
 62 50
 62 51
 62 52
 62 53
 62 55
 62 57
 62 58
 62 61
 63 2
 63 3
 63 4
 63 6
 63 8
 63 9
 63 10
 63 12
 63 14
 63 15
 63 16
 63 17
 63 18
 63 20
 63 21
 63 23
 63 24
 63 30
 63 31
 63 36
 63 41
 63 42
 63 43
 63 45
 63 46
 63 47
 63 48
 63 49
 63 54
 63 56
 63 60
 63 62
 64 1
 64 4
 64 7
 64 8
 64 12
 64 13
 64 16
 64 17
 64 22
 64 26
 64 35
 64 36
 64 37
 64 38
 64 39
 64 40
 64 41
 64 42
 64 46
 64 49
 64 52
 64 54
 64 59
 64 60
 64 61
 64 62
 64 63
 65 2
 65 4
 65 6
 65 9
 65 15
 65 17
 65 19
 65 24
 65 29
 65 32
 65 34
 65 35
 65 39
 65 41
 65 44
 65 45
 65 49
 65 50
 65 51
 65 52
 65 54
 65 57
 65 60
 65 62
 65 64
 66 2
 66 3
 66 5
 66 7
 66 9
 66 10
 66 11
 66 13
 66 18
 66 20
 66 22
 66 23
 66 24
 66 34
 66 35
 66 44
 66 47
 66 48
 66 51
 66 52
 66 53
 66 56
 66 57
 66 58
 66 64
 67 1
 67 2
 67 3
 67 4
 67 6
 67 9
 67 10
 67 11
 67 12
 67 13
 67 14
 67 15
 67 16
 67 21
 67 22
 67 26
 67 27
 67 28
 67 30
 67 31
 67 35
 67 36
 67 39
 67 40
 67 42
 67 43
 67 45
 67 46
 67 47
 67 48
 67 49
 67 50
 67 52
 67 53
 67 57
 67 59
 67 60
 67 61
 67 63
 67 65
 67 66
 68 1
 68 10
 68 11
 68 13
 68 14
 68 16
 68 17
 68 18
 68 19
 68 21
 68 24
 68 27
 68 28
 68 29
 68 33
 68 35
 68 41
 68 43
 68 44
 68 45
 68 46
 68 48
 68 49
 68 51
 68 52
 68 53
 68 54
 68 56
 68 60
 68 61
 68 64
 68 65
 69 2
 69 4
 69 7
 69 9
 69 10
 69 11
 69 12
 69 13
 69 14
 69 15
 69 17
 69 19
 69 20
 69 21
 69 22
 69 23
 69 24
 69 27
 69 30
 69 31
 69 32
 69 34
 69 35
 69 36
 69 39
 69 41
 69 43
 69 44
 69 46
 69 47
 69 49
 69 50
 69 51
 69 52
 69 57
 69 58
 69 59
 69 63
 69 67
 69 68
 70 4
 70 7
 70 9
 70 10
 70 11
 70 13
 70 14
 70 18
 70 19
 70 20
 70 22
 70 24
 70 25
 70 26
 70 27
 70 29
 70 30
 70 32
 70 33
 70 36
 70 38
 70 40
 70 41
 70 42
 70 43
 70 46
 70 47
 70 48
 70 49
 70 50
 70 53
 70 54
 70 55
 70 56
 70 58
 70 60
 70 69
 71 1
 71 4
 71 6
 71 8
 71 10
 71 11
 71 12
 71 17
 71 21
 71 22
 71 26
 71 27
 71 30
 71 32
 71 34
 71 36
 71 38
 71 41
 71 43
 71 44
 71 45
 71 48
 71 49
 71 53
 71 57
 71 58
 71 59
 71 62
 71 63
 71 64
 71 65
 71 68
 72 1
 72 2
 72 11
 72 13
 72 15
 72 16
 72 19
 72 20
 72 24
 72 25
 72 29
 72 31
 72 34
 72 35
 72 39
 72 40
 72 42
 72 43
 72 45
 72 46
 72 47
 72 48
 72 50
 72 51
 72 53
 72 55
 72 58
 72 66
 72 67
 72 69
 72 70
 72 71
 73 4
 73 5
 73 8
 73 10
 73 12
 73 15
 73 16
 73 17
 73 18
 73 20
 73 22
 73 24
 73 25
 73 27
 73 28
 73 31
 73 32
 73 33
 73 34
 73 38
 73 40
 73 44
 73 45
 73 47
 73 49
 73 50
 73 51
 73 52
 73 53
 73 54
 73 55
 73 57
 73 59
 73 61
 73 62
 73 63
 73 65
 73 66
 73 68
 73 72
 74 1
 74 3
 74 5
 74 8
 74 11
 74 12
 74 14
 74 16
 74 18
 74 19
 74 20
 74 21
 74 22
 74 24
 74 25
 74 27
 74 32
 74 34
 74 35
 74 37
 74 42
 74 44
 74 48
 74 49
 74 50
 74 52
 74 53
 74 54
 74 55
 74 59
 74 62
 74 63
 74 65
 74 66
 74 67
 74 72
 74 73
 75 1
 75 4
 75 6
 75 9
 75 16
 75 17
 75 18
 75 24
 75 25
 75 26
 75 28
 75 31
 75 33
 75 34
 75 35
 75 36
 75 37
 75 38
 75 41
 75 43
 75 45
 75 46
 75 49
 75 50
 75 52
 75 53
 75 54
 75 56
 75 57
 75 61
 75 65
 75 66
 75 68
 75 69
 75 70
 75 71
 75 73
 75 74
 76 7
 76 8
 76 9
 76 10
 76 11
 76 14
 76 15
 76 16
 76 17
 76 18
 76 21
 76 23
 76 24
 76 25
 76 27
 76 29
 76 30
 76 31
 76 34
 76 38
 76 40
 76 41
 76 42
 76 44
 76 45
 76 46
 76 47
 76 53
 76 54
 76 56
 76 58
 76 59
 76 64
 76 65
 76 66
 76 69
 76 71
 76 72
 76 73
 76 74
 76 75
 77 2
 77 3
 77 5
 77 8
 77 11
 77 12
 77 14
 77 18
 77 19
 77 21
 77 22
 77 23
 77 24
 77 25
 77 27
 77 28
 77 31
 77 32
 77 35
 77 37
 77 38
 77 39
 77 41
 77 42
 77 44
 77 46
 77 48
 77 51
 77 52
 77 54
 77 56
 77 58
 77 59
 77 62
 77 63
 77 70
 77 73
 78 3
 78 6
 78 7
 78 8
 78 10
 78 12
 78 14
 78 17
 78 19
 78 20
 78 22
 78 24
 78 25
 78 27
 78 30
 78 32
 78 33
 78 35
 78 36
 78 39
 78 45
 78 47
 78 49
 78 53
 78 54
 78 55
 78 56
 78 57
 78 58
 78 59
 78 61
 78 62
 78 66
 78 70
 78 77
 79 1
 79 4
 79 6
 79 8
 79 9
 79 10
 79 12
 79 15
 79 17
 79 21
 79 23
 79 24
 79 25
 79 28
 79 30
 79 31
 79 33
 79 35
 79 36
 79 37
 79 39
 79 40
 79 41
 79 42
 79 44
 79 47
 79 53
 79 56
 79 59
 79 60
 79 61
 79 64
 79 67
 79 71
 79 72
 79 73
 79 75
 79 76
 79 78
 80 2
 80 5
 80 6
 80 9
 80 12
 80 14
 80 15
 80 18
 80 22
 80 23
 80 25
 80 26
 80 28
 80 33
 80 34
 80 35
 80 36
 80 38
 80 44
 80 45
 80 46
 80 48
 80 49
 80 58
 80 63
 80 64
 80 67
 80 69
 80 70
 80 72
 80 73
 80 75
 80 78
 81 3
 81 4
 81 6
 81 7
 81 8
 81 10
 81 11
 81 12
 81 14
 81 16
 81 19
 81 21
 81 22
 81 23
 81 31
 81 33
 81 34
 81 36
 81 40
 81 44
 81 45
 81 46
 81 47
 81 48
 81 52
 81 54
 81 55
 81 56
 81 58
 81 59
 81 60
 81 61
 81 69
 81 72
 81 74
 81 75
 81 79
 82 3
 82 4
 82 6
 82 7
 82 8
 82 13
 82 15
 82 17
 82 21
 82 22
 82 24
 82 25
 82 32
 82 34
 82 35
 82 36
 82 37
 82 40
 82 41
 82 42
 82 44
 82 47
 82 48
 82 49
 82 52
 82 53
 82 57
 82 58
 82 60
 82 61
 82 63
 82 67
 82 69
 82 71
 82 73
 82 75
 82 76
 82 77
 82 78
 82 79
 82 81
 83 1
 83 2
 83 3
 83 6
 83 7
 83 8
 83 9
 83 10
 83 12
 83 13
 83 14
 83 15
 83 16
 83 17
 83 19
 83 21
 83 22
 83 23
 83 24
 83 25
 83 26
 83 28
 83 30
 83 31
 83 34
 83 35
 83 36
 83 37
 83 44
 83 45
 83 46
 83 47
 83 49
 83 51
 83 52
 83 56
 83 59
 83 60
 83 61
 83 65
 83 66
 83 71
 83 73
 83 74
 83 76
 83 77
 83 82
 84 2
 84 9
 84 11
 84 12
 84 13
 84 14
 84 19
 84 20
 84 21
 84 24
 84 25
 84 26
 84 28
 84 29
 84 30
 84 32
 84 33
 84 35
 84 36
 84 37
 84 42
 84 44
 84 46
 84 48
 84 51
 84 52
 84 55
 84 57
 84 61
 84 65
 84 67
 84 71
 84 73
 84 76
 84 77
 84 78
 84 79
 84 83
 85 2
 85 5
 85 7
 85 8
 85 12
 85 13
 85 14
 85 15
 85 16
 85 19
 85 21
 85 23
 85 24
 85 25
 85 30
 85 32
 85 35
 85 36
 85 39
 85 40
 85 41
 85 42
 85 44
 85 48
 85 49
 85 53
 85 54
 85 55
 85 63
 85 64
 85 65
 85 66
 85 67
 85 68
 85 70
 85 71
 85 72
 85 75
 85 76
 85 78
 85 80
 85 84
 86 2
 86 4
 86 7
 86 8
 86 9
 86 10
 86 11
 86 13
 86 15
 86 16
 86 18
 86 19
 86 22
 86 23
 86 25
 86 27
 86 28
 86 31
 86 32
 86 35
 86 36
 86 38
 86 42
 86 44
 86 45
 86 46
 86 47
 86 49
 86 51
 86 54
 86 55
 86 56
 86 59
 86 60
 86 62
 86 64
 86 65
 86 68
 86 69
 86 70
 86 72
 86 73
 86 76
 86 81
 86 84
 86 85
 87 3
 87 4
 87 5
 87 6
 87 7
 87 8
 87 11
 87 13
 87 15
 87 17
 87 18
 87 19
 87 20
 87 22
 87 23
 87 25
 87 28
 87 30
 87 33
 87 34
 87 35
 87 36
 87 37
 87 38
 87 39
 87 41
 87 42
 87 44
 87 45
 87 47
 87 48
 87 49
 87 55
 87 57
 87 60
 87 61
 87 64
 87 67
 87 68
 87 69
 87 70
 87 72
 87 73
 87 74
 87 76
 87 77
 87 78
 87 80
 87 82
 87 83
 87 84
 88 3
 88 4
 88 5
 88 6
 88 8
 88 9
 88 10
 88 14
 88 16
 88 17
 88 19
 88 22
 88 25
 88 30
 88 32
 88 33
 88 34
 88 35
 88 36
 88 37
 88 41
 88 42
 88 43
 88 46
 88 47
 88 48
 88 49
 88 54
 88 56
 88 57
 88 61
 88 63
 88 64
 88 71
 88 72
 88 73
 88 75
 88 77
 88 78
 88 79
 88 80
 88 83
 88 85
 89 1
 89 2
 89 5
 89 7
 89 9
 89 10
 89 18
 89 21
 89 22
 89 24
 89 25
 89 26
 89 27
 89 29
 89 31
 89 32
 89 33
 89 35
 89 36
 89 37
 89 39
 89 41
 89 42
 89 46
 89 47
 89 50
 89 51
 89 52
 89 54
 89 55
 89 57
 89 60
 89 67
 89 68
 89 70
 89 74
 89 76
 89 78
 89 79
 89 80
 89 81
 89 82
 89 85
 89 86
 89 88
 90 1
 90 5
 90 6
 90 7
 90 8
 90 10
 90 11
 90 13
 90 17
 90 19
 90 21
 90 23
 90 24
 90 25
 90 28
 90 29
 90 32
 90 33
 90 35
 90 36
 90 37
 90 38
 90 46
 90 49
 90 50
 90 55
 90 56
 90 61
 90 62
 90 63
 90 65
 90 66
 90 67
 90 68
 90 72
 90 75
 90 76
 90 80
 90 81
 90 82
 90 84
 90 85
 90 87
 90 88
 91 1
 91 2
 91 3
 91 5
 91 6
 91 8
 91 9
 91 10
 91 11
 91 12
 91 13
 91 14
 91 19
 91 22
 91 23
 91 25
 91 28
 91 29
 91 37
 91 38
 91 40
 91 42
 91 43
 91 46
 91 48
 91 50
 91 51
 91 52
 91 53
 91 56
 91 57
 91 61
 91 62
 91 63
 91 68
 91 69
 91 70
 91 71
 91 76
 91 78
 91 80
 91 81
 91 82
 91 86
 91 87
 91 88
 92 1
 92 3
 92 4
 92 6
 92 8
 92 9
 92 10
 92 12
 92 15
 92 18
 92 21
 92 24
 92 27
 92 28
 92 32
 92 35
 92 40
 92 41
 92 45
 92 49
 92 52
 92 53
 92 54
 92 55
 92 56
 92 57
 92 58
 92 59
 92 61
 92 62
 92 64
 92 66
 92 69
 92 70
 92 72
 92 73
 92 74
 92 75
 92 77
 92 78
 92 80
 92 82
 92 83
 92 84
 92 87
 92 89
 92 90
 93 1
 93 9
 93 11
 93 14
 93 16
 93 17
 93 18
 93 19
 93 21
 93 26
 93 29
 93 31
 93 33
 93 36
 93 38
 93 39
 93 40
 93 41
 93 46
 93 47
 93 48
 93 49
 93 50
 93 51
 93 53
 93 54
 93 55
 93 56
 93 61
 93 62
 93 65
 93 66
 93 67
 93 74
 93 81
 93 85
 93 89
 94 1
 94 3
 94 4
 94 6
 94 7
 94 8
 94 10
 94 18
 94 20
 94 22
 94 23
 94 28
 94 29
 94 31
 94 34
 94 36
 94 37
 94 38
 94 40
 94 41
 94 44
 94 45
 94 48
 94 49
 94 50
 94 51
 94 57
 94 58
 94 59
 94 61
 94 62
 94 63
 94 64
 94 65
 94 66
 94 69
 94 71
 94 72
 94 73
 94 78
 94 82
 94 87
 94 88
 94 90
 94 91
 94 92
 95 4
 95 5
 95 7
 95 8
 95 10
 95 12
 95 13
 95 14
 95 17
 95 18
 95 22
 95 23
 95 26
 95 27
 95 30
 95 33
 95 34
 95 35
 95 37
 95 41
 95 43
 95 44
 95 47
 95 52
 95 53
 95 54
 95 55
 95 56
 95 57
 95 58
 95 60
 95 62
 95 63
 95 66
 95 67
 95 69
 95 70
 95 72
 95 80
 95 87
 95 88
 95 89
 95 91
 95 92
 95 93
 96 3
 96 5
 96 6
 96 16
 96 18
 96 19
 96 22
 96 26
 96 31
 96 34
 96 35
 96 37
 96 45
 96 46
 96 49
 96 50
 96 51
 96 53
 96 55
 96 56
 96 57
 96 58
 96 61
 96 62
 96 63
 96 65
 96 68
 96 69
 96 70
 96 71
 96 72
 96 73
 96 75
 96 77
 96 80
 96 81
 96 83
 96 86
 96 88
 96 89
 96 91
 96 95
 97 2
 97 4
 97 6
 97 7
 97 9
 97 11
 97 12
 97 15
 97 17
 97 18
 97 20
 97 21
 97 22
 97 23
 97 24
 97 26
 97 32
 97 33
 97 36
 97 37
 97 38
 97 40
 97 45
 97 47
 97 48
 97 50
 97 52
 97 56
 97 61
 97 62
 97 63
 97 66
 97 69
 97 71
 97 72
 97 73
 97 77
 97 78
 97 79
 97 81
 97 83
 97 89
 97 95
 98 1
 98 4
 98 15
 98 17
 98 18
 98 19
 98 22
 98 24
 98 25
 98 29
 98 31
 98 39
 98 42
 98 44
 98 46
 98 47
 98 48
 98 58
 98 59
 98 61
 98 63
 98 64
 98 66
 98 70
 98 71
 98 72
 98 73
 98 78
 98 80
 98 83
 98 84
 98 87
 98 88
 98 89
 98 92
 98 95
 98 96
 98 97
 99 1
 99 2
 99 8
 99 9
 99 10
 99 12
 99 13
 99 14
 99 15
 99 17
 99 18
 99 20
 99 21
 99 23
 99 24
 99 33
 99 36
 99 37
 99 38
 99 40
 99 42
 99 44
 99 48
 99 49
 99 51
 99 55
 99 57
 99 59
 99 60
 99 61
 99 62
 99 63
 99 71
 99 81
 99 82
 99 86
 99 88
 99 90
 99 92
 99 93
 99 96
 100 1
 100 6
 100 8
 100 10
 100 13
 100 14
 100 17
 100 23
 100 24
 100 26
 100 28
 100 29
 100 30
 100 31
 100 35
 100 36
 100 38
 100 40
 100 41
 100 42
 100 47
 100 48
 100 51
 100 52
 100 53
 100 54
 100 59
 100 60
 100 61
 100 62
 100 66
 100 67
 100 70
 100 71
 100 73
 100 74
 100 76
 100 82
 100 83
 100 85
 100 88
 100 91
 100 93
 100 94
 100 96
 101 2
 101 5
 101 7
 101 8
 101 10
 101 12
 101 17
 101 19
 101 21
 101 22
 101 23
 101 26
 101 27
 101 29
 101 30
 101 33
 101 35
 101 37
 101 43
 101 46
 101 47
 101 50
 101 51
 101 52
 101 54
 101 62
 101 64
 101 65
 101 66
 101 68
 101 71
 101 72
 101 73
 101 75
 101 78
 101 82
 101 87
 101 88
 101 93
 101 94
 101 100
 102 1
 102 2
 102 3
 102 8
 102 11
 102 13
 102 14
 102 15
 102 23
 102 27
 102 29
 102 30
 102 31
 102 34
 102 36
 102 37
 102 38
 102 44
 102 45
 102 47
 102 49
 102 54
 102 56
 102 59
 102 60
 102 61
 102 62
 102 66
 102 67
 102 70
 102 73
 102 74
 102 76
 102 79
 102 82
 102 84
 102 85
 102 86
 102 87
 102 88
 102 89
 102 90
 102 91
 102 92
 102 96
 102 97
 102 98
 103 1
 103 2
 103 3
 103 7
 103 9
 103 10
 103 12
 103 14
 103 17
 103 20
 103 23
 103 24
 103 25
 103 27
 103 28
 103 30
 103 32
 103 39
 103 41
 103 42
 103 43
 103 44
 103 45
 103 48
 103 49
 103 53
 103 56
 103 57
 103 58
 103 60
 103 62
 103 63
 103 65
 103 66
 103 67
 103 69
 103 71
 103 72
 103 76
 103 77
 103 78
 103 81
 103 82
 103 84
 103 85
 103 88
 103 89
 103 90
 103 92
 103 98
 103 102
 104 1
 104 4
 104 5
 104 8
 104 10
 104 12
 104 14
 104 15
 104 18
 104 21
 104 22
 104 23
 104 24
 104 25
 104 28
 104 29
 104 31
 104 33
 104 34
 104 35
 104 36
 104 39
 104 40
 104 41
 104 43
 104 44
 104 45
 104 47
 104 52
 104 53
 104 58
 104 62
 104 64
 104 65
 104 70
 104 71
 104 74
 104 75
 104 78
 104 81
 104 82
 104 83
 104 85
 104 86
 104 87
 104 90
 104 93
 104 94
 104 96
 104 97
 104 98
 104 99
 104 101
 104 102
 105 1
 105 2
 105 5
 105 7
 105 8
 105 11
 105 12
 105 18
 105 21
 105 26
 105 27
 105 30
 105 35
 105 37
 105 38
 105 44
 105 45
 105 48
 105 49
 105 50
 105 51
 105 53
 105 55
 105 58
 105 59
 105 61
 105 62
 105 64
 105 65
 105 66
 105 67
 105 68
 105 70
 105 72
 105 76
 105 77
 105 78
 105 81
 105 82
 105 83
 105 84
 105 89
 105 94
 105 95
 105 96
 105 99
 105 103
 105 104
 106 1
 106 2
 106 3
 106 7
 106 10
 106 11
 106 12
 106 14
 106 15
 106 17
 106 18
 106 22
 106 24
 106 25
 106 26
 106 29
 106 32
 106 33
 106 38
 106 41
 106 46
 106 48
 106 50
 106 52
 106 55
 106 57
 106 58
 106 60
 106 61
 106 62
 106 63
 106 64
 106 65
 106 66
 106 67
 106 70
 106 74
 106 76
 106 80
 106 84
 106 85
 106 86
 106 87
 106 89
 106 92
 106 93
 106 94
 106 96
 106 98
 106 99
 106 100
 106 101
 106 105
 107 1
 107 2
 107 7
 107 8
 107 9
 107 10
 107 12
 107 13
 107 14
 107 15
 107 16
 107 18
 107 24
 107 26
 107 31
 107 32
 107 36
 107 42
 107 43
 107 44
 107 45
 107 46
 107 50
 107 52
 107 54
 107 55
 107 59
 107 60
 107 63
 107 65
 107 66
 107 67
 107 69
 107 70
 107 72
 107 75
 107 76
 107 77
 107 79
 107 83
 107 86
 107 87
 107 88
 107 89
 107 93
 107 94
 107 96
 107 97
 107 99
 107 102
 107 104
 108 1
 108 3
 108 4
 108 7
 108 8
 108 9
 108 10
 108 15
 108 17
 108 19
 108 20
 108 21
 108 23
 108 24
 108 25
 108 26
 108 27
 108 28
 108 29
 108 32
 108 34
 108 37
 108 39
 108 41
 108 43
 108 46
 108 49
 108 55
 108 56
 108 57
 108 58
 108 59
 108 60
 108 61
 108 62
 108 63
 108 64
 108 71
 108 80
 108 81
 108 82
 108 84
 108 85
 108 86
 108 87
 108 88
 108 90
 108 91
 108 92
 108 96
 108 99
 108 100
 108 102
 108 103
 108 106
 108 107
 109 6
 109 7
 109 8
 109 10
 109 11
 109 12
 109 16
 109 20
 109 23
 109 24
 109 25
 109 27
 109 28
 109 29
 109 31
 109 32
 109 37
 109 38
 109 40
 109 41
 109 44
 109 45
 109 46
 109 49
 109 50
 109 51
 109 53
 109 54
 109 56
 109 57
 109 58
 109 60
 109 61
 109 63
 109 64
 109 66
 109 68
 109 72
 109 73
 109 74
 109 75
 109 81
 109 83
 109 84
 109 85
 109 86
 109 87
 109 88
 109 92
 109 94
 109 96
 109 97
 109 98
 109 99
 109 100
 109 103
 109 104
 109 105
 110 2
 110 3
 110 4
 110 6
 110 8
 110 13
 110 14
 110 15
 110 17
 110 18
 110 20
 110 21
 110 23
 110 25
 110 28
 110 29
 110 30
 110 31
 110 33
 110 34
 110 35
 110 36
 110 40
 110 42
 110 43
 110 44
 110 46
 110 49
 110 51
 110 55
 110 57
 110 60
 110 61
 110 62
 110 63
 110 66
 110 68
 110 69
 110 72
 110 75
 110 77
 110 78
 110 81
 110 83
 110 84
 110 85
 110 87
 110 89
 110 91
 110 93
 110 94
 110 95
 110 98
 110 99
 110 100
 110 103
 110 105
 110 107
 110 108
 110 109
 111 1
 111 4
 111 9
 111 10
 111 13
 111 17
 111 19
 111 20
 111 23
 111 25
 111 26
 111 30
 111 34
 111 35
 111 36
 111 38
 111 39
 111 41
 111 44
 111 45
 111 47
 111 49
 111 52
 111 53
 111 54
 111 55
 111 57
 111 58
 111 60
 111 61
 111 62
 111 67
 111 69
 111 72
 111 73
 111 74
 111 80
 111 86
 111 89
 111 90
 111 93
 111 95
 111 96
 111 101
 111 109
 112 5
 112 6
 112 9
 112 10
 112 11
 112 12
 112 13
 112 20
 112 24
 112 25
 112 26
 112 28
 112 33
 112 34
 112 36
 112 38
 112 39
 112 40
 112 41
 112 42
 112 45
 112 46
 112 47
 112 49
 112 50
 112 51
 112 52
 112 54
 112 55
 112 57
 112 60
 112 61
 112 63
 112 64
 112 65
 112 70
 112 72
 112 73
 112 74
 112 78
 112 79
 112 80
 112 81
 112 83
 112 84
 112 87
 112 88
 112 90
 112 95
 112 98
 112 100
 112 101
 112 102
 112 107
 112 108
 113 2
 113 4
 113 5
 113 7
 113 11
 113 12
 113 13
 113 14
 113 15
 113 18
 113 20
 113 22
 113 24
 113 28
 113 29
 113 33
 113 37
 113 38
 113 44
 113 46
 113 47
 113 48
 113 49
 113 52
 113 55
 113 57
 113 58
 113 61
 113 62
 113 63
 113 65
 113 66
 113 68
 113 69
 113 71
 113 72
 113 74
 113 75
 113 78
 113 80
 113 82
 113 83
 113 86
 113 87
 113 88
 113 90
 113 91
 113 92
 113 93
 113 94
 113 95
 113 96
 113 98
 113 100
 113 101
 113 102
 113 104
 113 105
 113 108
 113 109
 113 110
 113 111
 113 112
 114 4
 114 5
 114 6
 114 7
 114 9
 114 11
 114 12
 114 17
 114 20
 114 21
 114 27
 114 28
 114 30
 114 31
 114 32
 114 34
 114 37
 114 38
 114 39
 114 44
 114 47
 114 51
 114 52
 114 55
 114 56
 114 58
 114 59
 114 60
 114 68
 114 70
 114 72
 114 73
 114 77
 114 78
 114 80
 114 83
 114 85
 114 86
 114 87
 114 88
 114 92
 114 93
 114 95
 114 97
 114 100
 114 102
 114 104
 114 106
 114 109
 114 110
 114 112
 115 1
 115 2
 115 3
 115 4
 115 5
 115 6
 115 7
 115 10
 115 12
 115 15
 115 16
 115 22
 115 26
 115 29
 115 32
 115 33
 115 34
 115 35
 115 36
 115 37
 115 39
 115 41
 115 42
 115 43
 115 44
 115 45
 115 48
 115 50
 115 52
 115 56
 115 57
 115 58
 115 59
 115 60
 115 61
 115 62
 115 64
 115 65
 115 66
 115 68
 115 70
 115 71
 115 72
 115 73
 115 77
 115 78
 115 83
 115 85
 115 86
 115 92
 115 93
 115 94
 115 96
 115 98
 115 101
 115 106
 115 107
 115 110
 116 3
 116 5
 116 7
 116 11
 116 12
 116 15
 116 16
 116 17
 116 19
 116 20
 116 24
 116 27
 116 28
 116 30
 116 31
 116 32
 116 34
 116 35
 116 38
 116 39
 116 41
 116 45
 116 46
 116 47
 116 48
 116 50
 116 51
 116 53
 116 56
 116 57
 116 58
 116 59
 116 62
 116 63
 116 68
 116 70
 116 71
 116 74
 116 76
 116 77
 116 83
 116 84
 116 86
 116 87
 116 88
 116 90
 116 91
 116 94
 116 95
 116 102
 116 104
 116 106
 116 108
 116 109
 116 111
 116 112
 116 115
 117 2
 117 4
 117 12
 117 13
 117 14
 117 17
 117 19
 117 21
 117 23
 117 24
 117 25
 117 27
 117 28
 117 32
 117 33
 117 35
 117 36
 117 37
 117 38
 117 41
 117 43
 117 44
 117 46
 117 47
 117 49
 117 50
 117 52
 117 53
 117 54
 117 56
 117 58
 117 60
 117 61
 117 64
 117 65
 117 66
 117 67
 117 68
 117 69
 117 70
 117 71
 117 72
 117 81
 117 82
 117 87
 117 88
 117 89
 117 92
 117 93
 117 94
 117 100
 117 101
 117 102
 117 105
 117 106
 117 109
 117 110
 117 111
 117 114
 117 115
 117 116
 118 2
 118 3
 118 4
 118 5
 118 6
 118 7
 118 9
 118 10
 118 12
 118 14
 118 17
 118 19
 118 20
 118 21
 118 23
 118 24
 118 29
 118 30
 118 31
 118 34
 118 36
 118 38
 118 42
 118 43
 118 44
 118 45
 118 48
 118 50
 118 54
 118 57
 118 58
 118 59
 118 60
 118 64
 118 65
 118 67
 118 69
 118 70
 118 73
 118 80
 118 81
 118 83
 118 84
 118 85
 118 86
 118 88
 118 90
 118 91
 118 92
 118 94
 118 95
 118 96
 118 97
 118 100
 118 102
 118 104
 118 107
 118 111
 118 114
 118 117
 119 2
 119 3
 119 5
 119 6
 119 7
 119 8
 119 16
 119 19
 119 20
 119 23
 119 24
 119 25
 119 28
 119 29
 119 30
 119 32
 119 36
 119 37
 119 39
 119 42
 119 45
 119 46
 119 48
 119 49
 119 51
 119 52
 119 61
 119 64
 119 67
 119 72
 119 76
 119 77
 119 79
 119 80
 119 83
 119 84
 119 85
 119 89
 119 93
 119 94
 119 97
 119 108
 119 111
 119 112
 119 113
 119 114
 119 115
 119 116
 119 117
 119 118
 120 1
 120 2
 120 3
 120 4
 120 6
 120 7
 120 8
 120 10
 120 12
 120 14
 120 15
 120 16
 120 17
 120 21
 120 22
 120 24
 120 25
 120 27
 120 28
 120 29
 120 32
 120 35
 120 41
 120 42
 120 43
 120 44
 120 48
 120 49
 120 50
 120 51
 120 54
 120 55
 120 57
 120 59
 120 61
 120 63
 120 64
 120 66
 120 68
 120 70
 120 71
 120 75
 120 76
 120 78
 120 79
 120 80
 120 85
 120 86
 120 88
 120 92
 120 93
 120 94
 120 95
 120 98
 120 99
 120 101
 120 102
 120 105
 120 110
 120 116
 120 118
 120 119
 121 2
 121 3
 121 4
 121 9
 121 12
 121 14
 121 19
 121 20
 121 22
 121 23
 121 25
 121 26
 121 27
 121 29
 121 30
 121 31
 121 32
 121 33
 121 34
 121 37
 121 38
 121 40
 121 42
 121 44
 121 45
 121 47
 121 48
 121 50
 121 51
 121 52
 121 55
 121 56
 121 57
 121 60
 121 61
 121 62
 121 64
 121 65
 121 66
 121 67
 121 69
 121 70
 121 71
 121 75
 121 80
 121 82
 121 83
 121 84
 121 86
 121 88
 121 91
 121 97
 121 101
 121 104
 121 105
 121 106
 121 109
 121 110
 121 111
 121 112
 121 113
 121 114
 121 116
 121 117
 121 119
 121 120
 122 1
 122 2
 122 4
 122 6
 122 14
 122 15
 122 16
 122 21
 122 23
 122 24
 122 25
 122 26
 122 27
 122 28
 122 29
 122 31
 122 33
 122 37
 122 41
 122 42
 122 43
 122 44
 122 49
 122 50
 122 51
 122 52
 122 53
 122 54
 122 56
 122 57
 122 62
 122 66
 122 70
 122 72
 122 74
 122 76
 122 78
 122 79
 122 80
 122 81
 122 84
 122 86
 122 88
 122 94
 122 95
 122 98
 122 102
 122 103
 122 104
 122 108
 122 109
 122 110
 122 111
 122 112
 122 114
 122 116
 122 117
 122 120
 123 3
 123 5
 123 9
 123 13
 123 16
 123 18
 123 19
 123 20
 123 21
 123 24
 123 27
 123 28
 123 31
 123 32
 123 41
 123 45
 123 46
 123 49
 123 55
 123 56
 123 57
 123 58
 123 59
 123 60
 123 63
 123 65
 123 66
 123 70
 123 73
 123 74
 123 75
 123 76
 123 78
 123 81
 123 82
 123 83
 123 85
 123 86
 123 87
 123 89
 123 92
 123 93
 123 101
 123 102
 123 104
 123 106
 123 108
 123 109
 123 110
 123 111
 123 112
 123 115
 123 118
 123 119
 123 122
 124 2
 124 3
 124 4
 124 5
 124 6
 124 9
 124 10
 124 13
 124 14
 124 16
 124 17
 124 18
 124 20
 124 21
 124 23
 124 27
 124 28
 124 29
 124 30
 124 32
 124 33
 124 39
 124 40
 124 44
 124 45
 124 47
 124 52
 124 54
 124 56
 124 58
 124 60
 124 62
 124 64
 124 65
 124 66
 124 70
 124 71
 124 78
 124 79
 124 81
 124 87
 124 89
 124 93
 124 95
 124 96
 124 99
 124 101
 124 102
 124 103
 124 104
 124 106
 124 110
 124 111
 124 113
 124 114
 124 116
 124 117
 124 118
 124 120
 125 3
 125 4
 125 9
 125 10
 125 13
 125 15
 125 16
 125 18
 125 19
 125 22
 125 24
 125 26
 125 28
 125 29
 125 31
 125 32
 125 35
 125 36
 125 37
 125 41
 125 44
 125 47
 125 51
 125 52
 125 54
 125 57
 125 58
 125 60
 125 61
 125 65
 125 66
 125 67
 125 68
 125 70
 125 71
 125 72
 125 75
 125 76
 125 77
 125 81
 125 82
 125 83
 125 85
 125 87
 125 88
 125 89
 125 90
 125 92
 125 94
 125 95
 125 96
 125 97
 125 98
 125 100
 125 101
 125 105
 125 109
 125 113
 125 115
 125 117
 125 119
 125 120
 126 1
 126 2
 126 3
 126 9
 126 10
 126 14
 126 16
 126 18
 126 24
 126 25
 126 26
 126 27
 126 28
 126 29
 126 31
 126 37
 126 38
 126 42
 126 43
 126 48
 126 51
 126 53
 126 54
 126 58
 126 61
 126 62
 126 66
 126 68
 126 72
 126 76
 126 79
 126 81
 126 83
 126 85
 126 86
 126 90
 126 94
 126 98
 126 100
 126 101
 126 102
 126 103
 126 106
 126 107
 126 108
 126 112
 126 113
 126 114
 126 115
 126 116
 126 117
 126 119
 126 121
 126 122
 126 125
 127 1
 127 4
 127 5
 127 6
 127 7
 127 8
 127 9
 127 11
 127 12
 127 13
 127 15
 127 20
 127 21
 127 23
 127 24
 127 25
 127 29
 127 30
 127 36
 127 42
 127 43
 127 46
 127 47
 127 48
 127 49
 127 50
 127 53
 127 55
 127 57
 127 58
 127 59
 127 62
 127 63
 127 70
 127 73
 127 75
 127 79
 127 80
 127 81
 127 82
 127 84
 127 86
 127 87
 127 88
 127 92
 127 101
 127 102
 127 103
 127 104
 127 107
 127 109
 127 112
 127 117
 127 118
 127 120
 127 123
 127 126
 128 3
 128 4
 128 7
 128 8
 128 9
 128 10
 128 11
 128 13
 128 14
 128 15
 128 18
 128 22
 128 25
 128 26
 128 27
 128 30
 128 32
 128 37
 128 38
 128 42
 128 43
 128 50
 128 51
 128 53
 128 57
 128 59
 128 63
 128 66
 128 67
 128 68
 128 69
 128 74
 128 76
 128 77
 128 78
 128 80
 128 85
 128 86
 128 87
 128 89
 128 91
 128 93
 128 96
 128 98
 128 99
 128 100
 128 102
 128 104
 128 105
 128 109
 128 111
 128 113
 128 114
 128 118
 128 119
 128 121
 128 124
 128 125
 128 127
 129 2
 129 5
 129 7
 129 8
 129 11
 129 12
 129 15
 129 16
 129 18
 129 20
 129 22
 129 24
 129 25
 129 27
 129 29
 129 30
 129 32
 129 34
 129 37
 129 38
 129 41
 129 42
 129 43
 129 45
 129 48
 129 51
 129 52
 129 53
 129 54
 129 55
 129 57
 129 58
 129 59
 129 60
 129 63
 129 64
 129 65
 129 66
 129 69
 129 71
 129 73
 129 74
 129 77
 129 81
 129 82
 129 83
 129 85
 129 87
 129 88
 129 96
 129 97
 129 102
 129 103
 129 109
 129 110
 129 113
 129 115
 129 119
 129 120
 129 123
 130 2
 130 6
 130 7
 130 9
 130 12
 130 14
 130 21
 130 23
 130 25
 130 26
 130 28
 130 29
 130 32
 130 33
 130 34
 130 35
 130 38
 130 41
 130 42
 130 43
 130 44
 130 45
 130 46
 130 47
 130 48
 130 54
 130 55
 130 57
 130 59
 130 65
 130 69
 130 70
 130 71
 130 72
 130 76
 130 79
 130 81
 130 82
 130 85
 130 86
 130 89
 130 91
 130 92
 130 94
 130 95
 130 97
 130 99
 130 100
 130 108
 130 109
 130 110
 130 114
 130 115
 130 116
 130 122
 130 123
 130 125
 130 126
 130 127
 130 128
 130 129
 131 5
 131 6
 131 7
 131 8
 131 9
 131 10
 131 11
 131 12
 131 13
 131 14
 131 15
 131 21
 131 22
 131 23
 131 25
 131 27
 131 29
 131 30
 131 31
 131 32
 131 35
 131 37
 131 38
 131 39
 131 40
 131 41
 131 42
 131 45
 131 47
 131 48
 131 51
 131 53
 131 54
 131 56
 131 57
 131 58
 131 62
 131 64
 131 66
 131 69
 131 70
 131 71
 131 73
 131 75
 131 78
 131 81
 131 83
 131 84
 131 85
 131 86
 131 88
 131 89
 131 91
 131 92
 131 94
 131 95
 131 97
 131 103
 131 110
 131 111
 131 112
 131 113
 131 118
 131 119
 131 120
 131 122
 131 123
 131 125
 131 126
 131 127
 131 128
 131 129
 132 2
 132 4
 132 6
 132 7
 132 8
 132 11
 132 13
 132 14
 132 16
 132 19
 132 21
 132 23
 132 26
 132 28
 132 30
 132 31
 132 32
 132 34
 132 35
 132 36
 132 37
 132 45
 132 49
 132 50
 132 53
 132 54
 132 55
 132 56
 132 60
 132 61
 132 63
 132 69
 132 72
 132 74
 132 77
 132 80
 132 83
 132 84
 132 85
 132 86
 132 87
 132 89
 132 90
 132 91
 132 92
 132 94
 132 95
 132 97
 132 98
 132 99
 132 102
 132 104
 132 105
 132 107
 132 108
 132 109
 132 110
 132 112
 132 115
 132 117
 132 120
 132 123
 132 125
 132 126
 132 127
 132 128
 132 129
 132 131
 133 2
 133 3
 133 4
 133 6
 133 9
 133 10
 133 14
 133 18
 133 19
 133 22
 133 23
 133 25
 133 29
 133 30
 133 31
 133 33
 133 35
 133 41
 133 42
 133 45
 133 49
 133 54
 133 55
 133 56
 133 58
 133 59
 133 60
 133 61
 133 62
 133 63
 133 66
 133 69
 133 70
 133 72
 133 73
 133 74
 133 75
 133 79
 133 80
 133 81
 133 84
 133 85
 133 88
 133 89
 133 95
 133 98
 133 99
 133 100
 133 101
 133 102
 133 103
 133 108
 133 109
 133 111
 133 115
 133 116
 133 119
 133 120
 133 122
 133 124
 133 126
 133 129
 133 130
 134 2
 134 3
 134 4
 134 6
 134 7
 134 9
 134 10
 134 11
 134 13
 134 14
 134 16
 134 17
 134 19
 134 23
 134 26
 134 27
 134 29
 134 32
 134 38
 134 39
 134 40
 134 41
 134 44
 134 45
 134 48
 134 49
 134 50
 134 52
 134 54
 134 56
 134 57
 134 58
 134 59
 134 64
 134 65
 134 66
 134 68
 134 69
 134 70
 134 71
 134 72
 134 73
 134 74
 134 80
 134 83
 134 84
 134 86
 134 88
 134 92
 134 93
 134 94
 134 97
 134 101
 134 102
 134 103
 134 107
 134 108
 134 109
 134 110
 134 111
 134 112
 134 113
 134 115
 134 116
 134 118
 134 119
 134 121
 134 127
 134 128
 134 129
 134 130
 134 131
 134 133
 135 1
 135 3
 135 4
 135 8
 135 10
 135 11
 135 15
 135 17
 135 18
 135 22
 135 23
 135 27
 135 28
 135 31
 135 39
 135 43
 135 44
 135 45
 135 48
 135 52
 135 55
 135 56
 135 59
 135 63
 135 64
 135 67
 135 70
 135 71
 135 72
 135 83
 135 88
 135 90
 135 91
 135 92
 135 93
 135 94
 135 97
 135 98
 135 100
 135 105
 135 107
 135 108
 135 109
 135 110
 135 115
 135 119
 135 120
 135 121
 135 122
 135 125
 135 126
 135 128
 135 129
 135 130
 135 131
 135 133
 136 3
 136 6
 136 7
 136 9
 136 10
 136 14
 136 15
 136 17
 136 18
 136 19
 136 24
 136 29
 136 30
 136 33
 136 34
 136 35
 136 37
 136 40
 136 42
 136 44
 136 46
 136 47
 136 50
 136 52
 136 53
 136 54
 136 57
 136 60
 136 63
 136 68
 136 69
 136 70
 136 71
 136 74
 136 75
 136 80
 136 81
 136 84
 136 85
 136 87
 136 88
 136 89
 136 92
 136 93
 136 94
 136 95
 136 96
 136 99
 136 100
 136 101
 136 102
 136 104
 136 105
 136 106
 136 108
 136 113
 136 115
 136 116
 136 117
 136 118
 136 124
 136 127
 136 130
 136 132
 136 135
 137 3
 137 5
 137 6
 137 7
 137 8
 137 9
 137 10
 137 11
 137 13
 137 17
 137 18
 137 22
 137 23
 137 25
 137 26
 137 27
 137 28
 137 31
 137 32
 137 33
 137 35
 137 41
 137 42
 137 44
 137 46
 137 47
 137 50
 137 51
 137 53
 137 58
 137 63
 137 64
 137 65
 137 66
 137 68
 137 69
 137 70
 137 71
 137 72
 137 74
 137 76
 137 79
 137 80
 137 81
 137 83
 137 84
 137 85
 137 87
 137 95
 137 97
 137 98
 137 99
 137 100
 137 102
 137 110
 137 111
 137 114
 137 115
 137 118
 137 120
 137 122
 137 124
 137 125
 137 127
 137 128
 137 130
 137 135
 137 136
 138 5
 138 6
 138 7
 138 9
 138 11
 138 15
 138 17
 138 18
 138 19
 138 21
 138 22
 138 23
 138 24
 138 28
 138 29
 138 30
 138 31
 138 32
 138 36
 138 37
 138 43
 138 45
 138 51
 138 52
 138 53
 138 55
 138 56
 138 57
 138 59
 138 61
 138 62
 138 65
 138 68
 138 73
 138 74
 138 75
 138 78
 138 79
 138 80
 138 83
 138 84
 138 85
 138 87
 138 88
 138 91
 138 94
 138 96
 138 98
 138 99
 138 100
 138 102
 138 104
 138 106
 138 108
 138 109
 138 110
 138 112
 138 114
 138 115
 138 116
 138 117
 138 121
 138 124
 138 126
 138 127
 138 131
 138 133
 138 135
 138 136
 138 137
 139 3
 139 6
 139 7
 139 8
 139 10
 139 12
 139 14
 139 18
 139 20
 139 23
 139 28
 139 29
 139 31
 139 32
 139 33
 139 37
 139 38
 139 39
 139 41
 139 43
 139 47
 139 48
 139 49
 139 50
 139 55
 139 56
 139 57
 139 61
 139 62
 139 65
 139 67
 139 68
 139 71
 139 73
 139 74
 139 76
 139 78
 139 81
 139 82
 139 85
 139 86
 139 87
 139 89
 139 90
 139 91
 139 94
 139 95
 139 97
 139 99
 139 101
 139 102
 139 105
 139 106
 139 108
 139 109
 139 111
 139 112
 139 113
 139 115
 139 116
 139 117
 139 118
 139 122
 139 123
 139 124
 139 130
 139 133
 139 134
 139 135
 139 136
 139 137
 139 138
 140 1
 140 3
 140 4
 140 8
 140 9
 140 17
 140 18
 140 19
 140 20
 140 25
 140 26
 140 27
 140 29
 140 30
 140 32
 140 33
 140 39
 140 44
 140 46
 140 47
 140 51
 140 52
 140 53
 140 54
 140 55
 140 56
 140 57
 140 58
 140 59
 140 62
 140 63
 140 65
 140 69
 140 75
 140 76
 140 79
 140 87
 140 88
 140 89
 140 93
 140 96
 140 98
 140 99
 140 101
 140 106
 140 107
 140 108
 140 112
 140 113
 140 115
 140 121
 140 122
 140 125
 140 126
 140 130
 140 133
 140 135
 140 138
 141 1
 141 3
 141 4
 141 5
 141 8
 141 9
 141 10
 141 11
 141 13
 141 14
 141 16
 141 17
 141 18
 141 21
 141 22
 141 29
 141 30
 141 31
 141 32
 141 34
 141 35
 141 36
 141 37
 141 40
 141 41
 141 43
 141 49
 141 51
 141 52
 141 54
 141 55
 141 59
 141 62
 141 67
 141 70
 141 71
 141 72
 141 74
 141 76
 141 77
 141 80
 141 81
 141 82
 141 84
 141 85
 141 89
 141 90
 141 92
 141 94
 141 97
 141 100
 141 103
 141 104
 141 105
 141 106
 141 108
 141 111
 141 112
 141 115
 141 116
 141 117
 141 118
 141 119
 141 120
 141 124
 141 125
 141 126
 141 127
 141 128
 141 129
 141 132
 141 134
 141 135
 141 137
 141 138
 141 140
 142 1
 142 3
 142 5
 142 10
 142 11
 142 12
 142 14
 142 16
 142 19
 142 20
 142 21
 142 23
 142 25
 142 26
 142 27
 142 28
 142 29
 142 32
 142 33
 142 39
 142 40
 142 41
 142 44
 142 45
 142 47
 142 49
 142 51
 142 52
 142 53
 142 55
 142 58
 142 59
 142 63
 142 64
 142 70
 142 73
 142 76
 142 77
 142 78
 142 79
 142 83
 142 84
 142 85
 142 90
 142 92
 142 99
 142 101
 142 102
 142 103
 142 104
 142 106
 142 107
 142 108
 142 111
 142 112
 142 113
 142 114
 142 115
 142 116
 142 118
 142 119
 142 121
 142 124
 142 127
 142 129
 142 131
 142 132
 142 137
 142 141
 143 1
 143 2
 143 3
 143 4
 143 5
 143 6
 143 9
 143 11
 143 13
 143 14
 143 15
 143 16
 143 21
 143 22
 143 24
 143 25
 143 26
 143 29
 143 31
 143 35
 143 36
 143 37
 143 40
 143 42
 143 44
 143 45
 143 46
 143 47
 143 48
 143 50
 143 53
 143 58
 143 59
 143 60
 143 64
 143 65
 143 67
 143 68
 143 70
 143 71
 143 73
 143 74
 143 76
 143 77
 143 78
 143 82
 143 85
 143 89
 143 90
 143 96
 143 97
 143 98
 143 99
 143 100
 143 105
 143 107
 143 108
 143 111
 143 112
 143 113
 143 115
 143 116
 143 120
 143 123
 143 125
 143 126
 143 130
 143 132
 143 133
 143 135
 143 136
 143 137
 143 138
 143 141
 144 1
 144 4
 144 5
 144 9
 144 10
 144 11
 144 13
 144 18
 144 20
 144 23
 144 24
 144 27
 144 29
 144 34
 144 35
 144 37
 144 41
 144 42
 144 43
 144 44
 144 46
 144 47
 144 48
 144 49
 144 50
 144 51
 144 52
 144 54
 144 57
 144 59
 144 60
 144 63
 144 64
 144 65
 144 66
 144 67
 144 71
 144 72
 144 75
 144 80
 144 83
 144 85
 144 88
 144 92
 144 95
 144 96
 144 97
 144 98
 144 100
 144 101
 144 102
 144 103
 144 104
 144 105
 144 107
 144 109
 144 112
 144 113
 144 114
 144 115
 144 120
 144 121
 144 124
 144 126
 144 129
 144 139
 144 143
 145 5
 145 6
 145 7
 145 8
 145 9
 145 12
 145 13
 145 16
 145 17
 145 20
 145 24
 145 25
 145 26
 145 27
 145 31
 145 33
 145 35
 145 39
 145 40
 145 45
 145 46
 145 48
 145 49
 145 51
 145 52
 145 55
 145 57
 145 58
 145 60
 145 65
 145 67
 145 68
 145 70
 145 71
 145 73
 145 74
 145 75
 145 77
 145 79
 145 82
 145 83
 145 85
 145 87
 145 89
 145 93
 145 97
 145 101
 145 102
 145 103
 145 105
 145 107
 145 112
 145 113
 145 118
 145 120
 145 121
 145 122
 145 123
 145 125
 145 126
 145 130
 145 132
 145 133
 145 135
 145 138
 145 139
 146 1
 146 2
 146 5
 146 6
 146 9
 146 10
 146 11
 146 12
 146 13
 146 14
 146 17
 146 26
 146 27
 146 28
 146 32
 146 34
 146 36
 146 38
 146 39
 146 40
 146 43
 146 44
 146 50
 146 52
 146 53
 146 54
 146 58
 146 59
 146 60
 146 61
 146 67
 146 69
 146 73
 146 80
 146 81
 146 82
 146 84
 146 86
 146 88
 146 93
 146 94
 146 96
 146 99
 146 101
 146 104
 146 106
 146 107
 146 109
 146 110
 146 112
 146 113
 146 115
 146 117
 146 118
 146 119
 146 121
 146 127
 146 130
 146 131
 146 133
 146 135
 146 137
 146 139
 146 142
 146 144
 146 145
 147 2
 147 3
 147 5
 147 6
 147 7
 147 16
 147 20
 147 21
 147 23
 147 25
 147 33
 147 35
 147 36
 147 37
 147 41
 147 44
 147 45
 147 46
 147 47
 147 49
 147 51
 147 52
 147 55
 147 57
 147 58
 147 61
 147 62
 147 64
 147 65
 147 66
 147 68
 147 70
 147 71
 147 72
 147 73
 147 75
 147 77
 147 78
 147 80
 147 81
 147 85
 147 89
 147 90
 147 91
 147 92
 147 93
 147 94
 147 96
 147 97
 147 98
 147 100
 147 101
 147 102
 147 103
 147 105
 147 107
 147 108
 147 109
 147 110
 147 112
 147 115
 147 116
 147 117
 147 119
 147 121
 147 122
 147 123
 147 124
 147 129
 147 132
 147 134
 147 136
 147 138
 147 139
 147 141
 147 142
 147 143
 147 144
 147 145
 148 4
 148 5
 148 6
 148 7
 148 8
 148 9
 148 10
 148 11
 148 13
 148 17
 148 18
 148 19
 148 22
 148 23
 148 27
 148 28
 148 33
 148 40
 148 41
 148 47
 148 48
 148 50
 148 53
 148 54
 148 55
 148 57
 148 59
 148 61
 148 62
 148 63
 148 65
 148 66
 148 67
 148 68
 148 69
 148 71
 148 72
 148 73
 148 79
 148 81
 148 83
 148 84
 148 85
 148 86
 148 87
 148 88
 148 91
 148 92
 148 93
 148 94
 148 96
 148 99
 148 102
 148 103
 148 106
 148 108
 148 109
 148 112
 148 114
 148 117
 148 121
 148 125
 148 127
 148 128
 148 129
 148 131
 148 133
 148 134
 148 136
 148 137
 148 138
 148 140
 148 141
 148 142
 148 146
 149 1
 149 2
 149 5
 149 11
 149 14
 149 17
 149 18
 149 19
 149 20
 149 21
 149 23
 149 25
 149 27
 149 29
 149 34
 149 37
 149 38
 149 39
 149 41
 149 42
 149 43
 149 45
 149 46
 149 47
 149 48
 149 49
 149 52
 149 53
 149 55
 149 61
 149 63
 149 64
 149 65
 149 70
 149 74
 149 75
 149 77
 149 79
 149 81
 149 82
 149 83
 149 88
 149 90
 149 91
 149 94
 149 95
 149 96
 149 97
 149 100
 149 101
 149 103
 149 104
 149 105
 149 107
 149 109
 149 110
 149 111
 149 112
 149 115
 149 119
 149 120
 149 121
 149 123
 149 124
 149 128
 149 131
 149 134
 149 135
 149 136
 149 138
 149 139
 149 140
 149 141
 149 144
 149 145
 149 146
 149 147
 150 2
 150 4
 150 5
 150 8
 150 11
 150 13
 150 15
 150 17
 150 18
 150 21
 150 25
 150 29
 150 30
 150 32
 150 33
 150 35
 150 36
 150 37
 150 40
 150 43
 150 46
 150 49
 150 50
 150 51
 150 53
 150 55
 150 57
 150 59
 150 61
 150 62
 150 63
 150 64
 150 67
 150 68
 150 69
 150 70
 150 72
 150 75
 150 79
 150 80
 150 82
 150 84
 150 85
 150 86
 150 87
 150 89
 150 90
 150 92
 150 95
 150 96
 150 97
 150 102
 150 103
 150 106
 150 107
 150 111
 150 113
 150 116
 150 117
 150 118
 150 124
 150 125
 150 130
 150 135
 150 137
 150 143
 150 145
 150 146
 150 148
 151 1
 151 3
 151 7
 151 9
 151 10
 151 12
 151 14
 151 16
 151 18
 151 21
 151 22
 151 23
 151 24
 151 25
 151 27
 151 28
 151 32
 151 33
 151 36
 151 37
 151 38
 151 42
 151 44
 151 51
 151 52
 151 53
 151 54
 151 55
 151 56
 151 57
 151 61
 151 62
 151 63
 151 65
 151 67
 151 68
 151 69
 151 70
 151 71
 151 72
 151 73
 151 77
 151 78
 151 79
 151 80
 151 81
 151 82
 151 84
 151 87
 151 92
 151 93
 151 95
 151 96
 151 98
 151 100
 151 103
 151 104
 151 107
 151 108
 151 109
 151 110
 151 112
 151 114
 151 116
 151 119
 151 121
 151 122
 151 125
 151 126
 151 128
 151 129
 151 131
 151 132
 151 133
 151 135
 151 136
 151 138
 151 139
 151 143
 151 144
 151 145
 151 146
 151 150
 152 3
 152 4
 152 5
 152 8
 152 9
 152 10
 152 12
 152 14
 152 16
 152 17
 152 19
 152 20
 152 22
 152 24
 152 26
 152 31
 152 34
 152 36
 152 37
 152 38
 152 39
 152 43
 152 44
 152 45
 152 51
 152 52
 152 53
 152 55
 152 58
 152 59
 152 60
 152 61
 152 65
 152 68
 152 69
 152 70
 152 71
 152 73
 152 74
 152 81
 152 84
 152 85
 152 87
 152 88
 152 93
 152 94
 152 97
 152 98
 152 99
 152 100
 152 102
 152 105
 152 108
 152 109
 152 110
 152 116
 152 117
 152 118
 152 119
 152 120
 152 125
 152 127
 152 128
 152 129
 152 130
 152 133
 152 134
 152 135
 152 136
 152 138
 152 140
 152 144
 152 145
 152 147
 153 4
 153 6
 153 7
 153 8
 153 10
 153 14
 153 16
 153 18
 153 21
 153 25
 153 26
 153 27
 153 28
 153 32
 153 34
 153 40
 153 41
 153 43
 153 45
 153 47
 153 48
 153 49
 153 52
 153 53
 153 54
 153 56
 153 58
 153 61
 153 62
 153 63
 153 67
 153 68
 153 70
 153 73
 153 87
 153 89
 153 90
 153 91
 153 93
 153 97
 153 99
 153 100
 153 101
 153 106
 153 107
 153 109
 153 113
 153 114
 153 115
 153 116
 153 117
 153 120
 153 122
 153 123
 153 128
 153 131
 153 132
 153 134
 153 135
 153 136
 153 137
 153 139
 153 140
 153 141
 153 143
 153 146
 153 151
 154 1
 154 2
 154 8
 154 11
 154 15
 154 16
 154 18
 154 19
 154 21
 154 22
 154 23
 154 24
 154 25
 154 26
 154 30
 154 32
 154 33
 154 35
 154 36
 154 37
 154 39
 154 40
 154 42
 154 44
 154 46
 154 47
 154 49
 154 51
 154 55
 154 56
 154 58
 154 61
 154 63
 154 65
 154 66
 154 68
 154 69
 154 70
 154 71
 154 73
 154 74
 154 76
 154 77
 154 78
 154 80
 154 82
 154 83
 154 86
 154 89
 154 93
 154 95
 154 96
 154 102
 154 106
 154 109
 154 112
 154 114
 154 115
 154 117
 154 120
 154 122
 154 123
 154 126
 154 127
 154 129
 154 130
 154 133
 154 134
 154 138
 154 139
 154 141
 154 142
 154 143
 154 144
 154 146
 154 149
 154 150
 154 151
 154 152
 155 3
 155 4
 155 8
 155 10
 155 11
 155 13
 155 15
 155 16
 155 17
 155 19
 155 20
 155 23
 155 24
 155 25
 155 27
 155 30
 155 31
 155 33
 155 35
 155 37
 155 38
 155 39
 155 41
 155 42
 155 45
 155 49
 155 54
 155 56
 155 58
 155 61
 155 62
 155 65
 155 68
 155 69
 155 71
 155 72
 155 73
 155 76
 155 78
 155 80
 155 81
 155 83
 155 84
 155 92
 155 93
 155 94
 155 96
 155 97
 155 100
 155 101
 155 104
 155 105
 155 106
 155 108
 155 112
 155 113
 155 116
 155 118
 155 119
 155 124
 155 129
 155 130
 155 131
 155 136
 155 138
 155 141
 155 143
 155 144
 155 145
 155 147
 155 148
 155 149
 155 150
 155 152
 155 153
 156 2
 156 5
 156 6
 156 7
 156 9
 156 10
 156 13
 156 15
 156 16
 156 17
 156 18
 156 19
 156 21
 156 22
 156 25
 156 28
 156 30
 156 31
 156 33
 156 34
 156 35
 156 38
 156 39
 156 44
 156 47
 156 48
 156 49
 156 50
 156 51
 156 60
 156 62
 156 64
 156 65
 156 67
 156 68
 156 69
 156 71
 156 72
 156 73
 156 75
 156 76
 156 77
 156 78
 156 79
 156 81
 156 82
 156 83
 156 84
 156 85
 156 88
 156 90
 156 94
 156 95
 156 96
 156 97
 156 98
 156 99
 156 102
 156 107
 156 108
 156 109
 156 110
 156 111
 156 114
 156 116
 156 117
 156 118
 156 121
 156 122
 156 124
 156 127
 156 129
 156 134
 156 137
 156 138
 156 142
 156 143
 156 145
 156 147
 156 155
 157 6
 157 7
 157 9
 157 10
 157 12
 157 13
 157 18
 157 20
 157 21
 157 22
 157 25
 157 30
 157 31
 157 34
 157 37
 157 38
 157 39
 157 41
 157 42
 157 43
 157 44
 157 48
 157 49
 157 52
 157 53
 157 54
 157 57
 157 58
 157 59
 157 60
 157 61
 157 63
 157 64
 157 68
 157 70
 157 71
 157 72
 157 73
 157 74
 157 76
 157 77
 157 79
 157 80
 157 82
 157 84
 157 88
 157 90
 157 91
 157 93
 157 94
 157 95
 157 96
 157 97
 157 100
 157 101
 157 105
 157 106
 157 108
 157 110
 157 113
 157 114
 157 116
 157 119
 157 120
 157 123
 157 126
 157 127
 157 128
 157 129
 157 131
 157 132
 157 133
 157 137
 157 139
 157 140
 157 144
 157 145
 157 146
 157 147
 157 148
 157 151
 157 153
 157 154
 157 156
 158 4
 158 5
 158 9
 158 10
 158 11
 158 13
 158 14
 158 15
 158 16
 158 19
 158 20
 158 21
 158 22
 158 24
 158 27
 158 28
 158 30
 158 32
 158 35
 158 37
 158 45
 158 46
 158 48
 158 50
 158 52
 158 53
 158 55
 158 57
 158 60
 158 62
 158 64
 158 65
 158 69
 158 70
 158 72
 158 73
 158 74
 158 75
 158 76
 158 79
 158 80
 158 81
 158 82
 158 86
 158 87
 158 88
 158 89
 158 90
 158 94
 158 97
 158 98
 158 99
 158 100
 158 102
 158 104
 158 105
 158 106
 158 107
 158 108
 158 109
 158 111
 158 113
 158 115
 158 116
 158 117
 158 118
 158 120
 158 121
 158 123
 158 124
 158 126
 158 127
 158 132
 158 134
 158 135
 158 136
 158 137
 158 142
 158 143
 158 145
 158 148
 158 149
 158 154
 158 155
 158 156
 159 1
 159 4
 159 7
 159 8
 159 9
 159 10
 159 13
 159 14
 159 15
 159 16
 159 18
 159 19
 159 26
 159 29
 159 34
 159 35
 159 36
 159 38
 159 39
 159 40
 159 41
 159 42
 159 45
 159 46
 159 47
 159 51
 159 53
 159 54
 159 57
 159 61
 159 63
 159 65
 159 66
 159 70
 159 71
 159 72
 159 74
 159 75
 159 77
 159 78
 159 79
 159 80
 159 82
 159 84
 159 85
 159 86
 159 87
 159 90
 159 91
 159 92
 159 95
 159 97
 159 101
 159 103
 159 105
 159 106
 159 108
 159 110
 159 111
 159 112
 159 113
 159 114
 159 119
 159 120
 159 130
 159 132
 159 133
 159 135
 159 136
 159 138
 159 139
 159 140
 159 141
 159 146
 159 149
 159 150
 159 151
 159 152
 159 154
 159 156
 159 157
 159 158
 160 1
 160 3
 160 4
 160 6
 160 7
 160 8
 160 9
 160 10
 160 12
 160 15
 160 16
 160 18
 160 19
 160 20
 160 22
 160 28
 160 29
 160 32
 160 33
 160 36
 160 37
 160 38
 160 39
 160 40
 160 41
 160 42
 160 43
 160 44
 160 46
 160 47
 160 48
 160 50
 160 53
 160 57
 160 59
 160 60
 160 61
 160 62
 160 66
 160 69
 160 74
 160 79
 160 83
 160 84
 160 87
 160 89
 160 91
 160 95
 160 96
 160 97
 160 98
 160 101
 160 103
 160 105
 160 111
 160 112
 160 114
 160 116
 160 120
 160 121
 160 123
 160 124
 160 133
 160 136
 160 140
 160 141
 160 145
 160 146
 160 147
 160 151
 160 157
 160 159
 161 1
 161 2
 161 3
 161 5
 161 6
 161 8
 161 10
 161 11
 161 12
 161 13
 161 15
 161 18
 161 19
 161 22
 161 24
 161 25
 161 26
 161 33
 161 34
 161 35
 161 36
 161 37
 161 38
 161 41
 161 43
 161 45
 161 46
 161 51
 161 52
 161 53
 161 55
 161 58
 161 59
 161 61
 161 63
 161 64
 161 68
 161 70
 161 71
 161 72
 161 74
 161 75
 161 76
 161 79
 161 80
 161 84
 161 86
 161 88
 161 89
 161 90
 161 91
 161 94
 161 97
 161 98
 161 102
 161 103
 161 106
 161 108
 161 109
 161 110
 161 111
 161 112
 161 115
 161 116
 161 117
 161 118
 161 121
 161 122
 161 123
 161 124
 161 125
 161 126
 161 127
 161 129
 161 130
 161 132
 161 133
 161 136
 161 137
 161 138
 161 140
 161 143
 161 147
 161 149
 161 150
 161 152
 161 153
 161 158
 161 159
 161 160
 162 1
 162 2
 162 6
 162 9
 162 11
 162 13
 162 14
 162 17
 162 24
 162 27
 162 29
 162 30
 162 32
 162 33
 162 34
 162 35
 162 36
 162 38
 162 40
 162 41
 162 42
 162 43
 162 44
 162 46
 162 48
 162 53
 162 54
 162 56
 162 57
 162 58
 162 63
 162 66
 162 73
 162 74
 162 75
 162 77
 162 82
 162 83
 162 86
 162 87
 162 92
 162 93
 162 96
 162 97
 162 103
 162 105
 162 106
 162 107
 162 108
 162 109
 162 110
 162 111
 162 113
 162 120
 162 121
 162 122
 162 123
 162 124
 162 125
 162 126
 162 127
 162 128
 162 129
 162 130
 162 133
 162 134
 162 136
 162 139
 162 142
 162 144
 162 147
 162 152
 162 153
 162 154
 162 155
 162 157
 162 160
 163 1
 163 3
 163 5
 163 7
 163 8
 163 9
 163 11
 163 12
 163 13
 163 14
 163 16
 163 17
 163 18
 163 22
 163 23
 163 25
 163 30
 163 33
 163 34
 163 36
 163 38
 163 39
 163 40
 163 41
 163 42
 163 44
 163 46
 163 48
 163 49
 163 51
 163 53
 163 56
 163 57
 163 60
 163 63
 163 64
 163 67
 163 69
 163 72
 163 76
 163 78
 163 79
 163 80
 163 81
 163 83
 163 84
 163 85
 163 87
 163 88
 163 89
 163 90
 163 91
 163 92
 163 94
 163 95
 163 97
 163 99
 163 100
 163 101
 163 102
 163 106
 163 107
 163 110
 163 116
 163 118
 163 119
 163 120
 163 121
 163 123
 163 125
 163 127
 163 128
 163 129
 163 134
 163 135
 163 138
 163 139
 163 142
 163 145
 163 150
 163 154
 163 157
 163 159
 164 3
 164 4
 164 7
 164 9
 164 11
 164 12
 164 13
 164 14
 164 15
 164 17
 164 20
 164 21
 164 23
 164 25
 164 26
 164 27
 164 28
 164 31
 164 32
 164 33
 164 36
 164 37
 164 42
 164 43
 164 44
 164 45
 164 46
 164 49
 164 51
 164 52
 164 53
 164 54
 164 55
 164 57
 164 59
 164 63
 164 64
 164 65
 164 71
 164 73
 164 79
 164 81
 164 83
 164 86
 164 88
 164 89
 164 92
 164 93
 164 94
 164 98
 164 99
 164 101
 164 103
 164 105
 164 106
 164 110
 164 116
 164 117
 164 118
 164 119
 164 120
 164 122
 164 123
 164 127
 164 128
 164 130
 164 131
 164 132
 164 135
 164 138
 164 140
 164 141
 164 142
 164 143
 164 145
 164 147
 164 148
 164 151
 164 153
 164 154
 164 155
 164 159
 164 162
 164 163
 165 4
 165 7
 165 8
 165 9
 165 11
 165 14
 165 17
 165 20
 165 21
 165 24
 165 26
 165 27
 165 31
 165 33
 165 34
 165 36
 165 38
 165 39
 165 44
 165 47
 165 48
 165 49
 165 50
 165 51
 165 52
 165 54
 165 57
 165 58
 165 59
 165 60
 165 64
 165 67
 165 70
 165 72
 165 74
 165 76
 165 79
 165 80
 165 81
 165 84
 165 86
 165 87
 165 88
 165 91
 165 93
 165 96
 165 98
 165 100
 165 101
 165 102
 165 103
 165 107
 165 108
 165 112
 165 113
 165 114
 165 115
 165 118
 165 119
 165 122
 165 123
 165 124
 165 125
 165 126
 165 129
 165 134
 165 137
 165 138
 165 139
 165 143
 165 146
 165 148
 165 149
 165 153
 165 155
 165 156
 165 158
 165 159
 165 160
 165 161
 165 164
 166 2
 166 3
 166 4
 166 5
 166 7
 166 8
 166 10
 166 12
 166 13
 166 15
 166 18
 166 19
 166 20
 166 21
 166 22
 166 23
 166 24
 166 25
 166 26
 166 27
 166 28
 166 30
 166 32
 166 34
 166 35
 166 39
 166 41
 166 42
 166 44
 166 45
 166 46
 166 47
 166 50
 166 51
 166 53
 166 55
 166 58
 166 59
 166 62
 166 64
 166 65
 166 66
 166 67
 166 68
 166 74
 166 75
 166 76
 166 78
 166 79
 166 80
 166 83
 166 84
 166 85
 166 88
 166 89
 166 90
 166 92
 166 93
 166 94
 166 95
 166 96
 166 99
 166 100
 166 101
 166 102
 166 103
 166 104
 166 105
 166 106
 166 108
 166 111
 166 112
 166 115
 166 117
 166 118
 166 122
 166 126
 166 127
 166 128
 166 129
 166 136
 166 137
 166 139
 166 140
 166 144
 166 145
 166 150
 166 156
 166 157
 166 158
 166 160
 166 162
 166 164
 166 165
 167 1
 167 2
 167 5
 167 8
 167 9
 167 10
 167 11
 167 13
 167 14
 167 17
 167 18
 167 23
 167 26
 167 29
 167 32
 167 33
 167 35
 167 36
 167 37
 167 39
 167 40
 167 41
 167 43
 167 46
 167 47
 167 52
 167 55
 167 56
 167 57
 167 58
 167 59
 167 60
 167 61
 167 64
 167 67
 167 68
 167 70
 167 75
 167 76
 167 78
 167 79
 167 80
 167 81
 167 87
 167 90
 167 91
 167 93
 167 95
 167 96
 167 98
 167 99
 167 100
 167 101
 167 102
 167 105
 167 106
 167 109
 167 110
 167 111
 167 113
 167 116
 167 117
 167 122
 167 125
 167 129
 167 130
 167 132
 167 133
 167 140
 167 144
 167 145
 167 146
 167 147
 167 149
 167 150
 167 152
 167 153
 167 154
 167 156
 167 157
 167 159
 167 160
 167 162
 167 163
 167 166
 168 2
 168 5
 168 6
 168 8
 168 10
 168 12
 168 13
 168 14
 168 17
 168 19
 168 20
 168 21
 168 22
 168 23
 168 25
 168 30
 168 32
 168 33
 168 35
 168 38
 168 39
 168 43
 168 48
 168 50
 168 51
 168 53
 168 55
 168 59
 168 60
 168 61
 168 66
 168 67
 168 68
 168 70
 168 71
 168 72
 168 73
 168 75
 168 76
 168 77
 168 79
 168 81
 168 84
 168 85
 168 87
 168 90
 168 91
 168 93
 168 94
 168 99
 168 101
 168 102
 168 103
 168 104
 168 106
 168 108
 168 109
 168 112
 168 113
 168 123
 168 124
 168 125
 168 128
 168 132
 168 133
 168 136
 168 137
 168 138
 168 139
 168 142
 168 144
 168 148
 168 149
 168 150
 168 152
 168 153
 168 155
 168 161
 168 164
 168 165
 169 1
 169 3
 169 4
 169 6
 169 7
 169 8
 169 10
 169 11
 169 13
 169 14
 169 15
 169 21
 169 22
 169 23
 169 24
 169 25
 169 26
 169 27
 169 28
 169 29
 169 30
 169 31
 169 35
 169 38
 169 39
 169 42
 169 43
 169 46
 169 50
 169 51
 169 55
 169 56
 169 57
 169 58
 169 59
 169 60
 169 65
 169 69
 169 72
 169 76
 169 78
 169 82
 169 84
 169 87
 169 89
 169 92
 169 93
 169 98
 169 100
 169 101
 169 102
 169 103
 169 105
 169 106
 169 107
 169 109
 169 111
 169 113
 169 115
 169 119
 169 121
 169 122
 169 123
 169 124
 169 125
 169 129
 169 131
 169 134
 169 139
 169 141
 169 144
 169 146
 169 147
 169 149
 169 150
 169 158
 169 160
 169 161
 169 165
 169 166
 169 167
 170 5
 170 6
 170 7
 170 9
 170 10
 170 12
 170 14
 170 15
 170 18
 170 19
 170 21
 170 26
 170 28
 170 31
 170 32
 170 33
 170 34
 170 36
 170 38
 170 41
 170 43
 170 47
 170 52
 170 54
 170 55
 170 56
 170 57
 170 58
 170 59
 170 63
 170 68
 170 69
 170 70
 170 71
 170 72
 170 73
 170 74
 170 75
 170 76
 170 77
 170 81
 170 82
 170 84
 170 87
 170 89
 170 96
 170 101
 170 102
 170 103
 170 107
 170 109
 170 113
 170 114
 170 117
 170 118
 170 122
 170 123
 170 127
 170 128
 170 129
 170 131
 170 133
 170 135
 170 137
 170 142
 170 143
 170 145
 170 146
 170 149
 170 150
 170 151
 170 152
 170 153
 170 155
 170 156
 170 157
 170 159
 170 161
 170 164
 170 165
 170 166
 170 167
 170 168
 170 169
 171 1
 171 2
 171 5
 171 6
 171 8
 171 9
 171 11
 171 12
 171 13
 171 14
 171 16
 171 19
 171 20
 171 27
 171 29
 171 31
 171 34
 171 35
 171 36
 171 37
 171 38
 171 39
 171 41
 171 43
 171 45
 171 50
 171 52
 171 54
 171 56
 171 58
 171 59
 171 60
 171 61
 171 63
 171 64
 171 68
 171 69
 171 71
 171 72
 171 75
 171 76
 171 77
 171 78
 171 79
 171 81
 171 83
 171 86
 171 87
 171 93
 171 94
 171 95
 171 96
 171 102
 171 103
 171 106
 171 108
 171 111
 171 113
 171 114
 171 115
 171 116
 171 120
 171 123
 171 126
 171 127
 171 129
 171 130
 171 131
 171 133
 171 135
 171 136
 171 137
 171 139
 171 142
 171 143
 171 147
 171 148
 171 149
 171 150
 171 154
 171 157
 171 159
 171 161
 171 163
 171 165
 171 168
 171 169
 171 170
 172 1
 172 3
 172 5
 172 7
 172 11
 172 12
 172 13
 172 18
 172 19
 172 21
 172 24
 172 26
 172 28
 172 34
 172 41
 172 43
 172 45
 172 46
 172 47
 172 49
 172 52
 172 53
 172 55
 172 59
 172 61
 172 63
 172 64
 172 65
 172 66
 172 72
 172 73
 172 75
 172 76
 172 77
 172 79
 172 80
 172 81
 172 85
 172 88
 172 89
 172 94
 172 97
 172 99
 172 100
 172 101
 172 102
 172 104
 172 105
 172 106
 172 107
 172 108
 172 109
 172 111
 172 113
 172 114
 172 115
 172 118
 172 120
 172 124
 172 125
 172 129
 172 130
 172 131
 172 132
 172 133
 172 136
 172 137
 172 139
 172 140
 172 141
 172 145
 172 146
 172 147
 172 150
 172 151
 172 152
 172 155
 172 157
 172 158
 172 159
 172 161
 172 162
 172 165
 172 166
 172 169
 172 170
 173 1
 173 2
 173 4
 173 5
 173 6
 173 8
 173 9
 173 10
 173 11
 173 15
 173 17
 173 20
 173 21
 173 22
 173 24
 173 25
 173 28
 173 29
 173 31
 173 36
 173 41
 173 48
 173 50
 173 54
 173 57
 173 59
 173 60
 173 62
 173 65
 173 68
 173 71
 173 75
 173 76
 173 77
 173 78
 173 81
 173 86
 173 88
 173 89
 173 90
 173 91
 173 94
 173 95
 173 97
 173 98
 173 101
 173 103
 173 104
 173 105
 173 107
 173 110
 173 111
 173 112
 173 114
 173 115
 173 117
 173 119
 173 120
 173 126
 173 127
 173 128
 173 129
 173 130
 173 132
 173 134
 173 136
 173 138
 173 141
 173 142
 173 144
 173 145
 173 147
 173 149
 173 150
 173 151
 173 152
 173 158
 173 161
 173 163
 173 164
 173 166
 173 167
 173 169
 173 171
 174 4
 174 5
 174 7
 174 8
 174 10
 174 11
 174 12
 174 15
 174 19
 174 21
 174 23
 174 24
 174 26
 174 28
 174 29
 174 31
 174 34
 174 35
 174 38
 174 39
 174 41
 174 42
 174 44
 174 46
 174 50
 174 52
 174 54
 174 57
 174 62
 174 63
 174 64
 174 65
 174 67
 174 68
 174 70
 174 72
 174 75
 174 76
 174 78
 174 80
 174 81
 174 84
 174 92
 174 95
 174 96
 174 97
 174 98
 174 100
 174 103
 174 104
 174 105
 174 107
 174 108
 174 110
 174 112
 174 114
 174 115
 174 116
 174 117
 174 118
 174 119
 174 121
 174 123
 174 126
 174 127
 174 128
 174 130
 174 131
 174 132
 174 135
 174 136
 174 139
 174 142
 174 146
 174 150
 174 151
 174 152
 174 154
 174 155
 174 158
 174 162
 174 163
 174 164
 174 171
 175 4
 175 8
 175 9
 175 10
 175 12
 175 15
 175 16
 175 17
 175 19
 175 20
 175 21
 175 22
 175 23
 175 24
 175 26
 175 30
 175 32
 175 33
 175 35
 175 38
 175 39
 175 40
 175 44
 175 45
 175 48
 175 49
 175 52
 175 56
 175 60
 175 61
 175 66
 175 68
 175 69
 175 74
 175 75
 175 76
 175 80
 175 81
 175 83
 175 84
 175 85
 175 86
 175 88
 175 89
 175 90
 175 92
 175 93
 175 94
 175 95
 175 96
 175 100
 175 102
 175 106
 175 107
 175 108
 175 111
 175 112
 175 115
 175 119
 175 120
 175 121
 175 123
 175 126
 175 128
 175 129
 175 130
 175 131
 175 132
 175 134
 175 135
 175 136
 175 139
 175 140
 175 144
 175 145
 175 147
 175 150
 175 152
 175 154
 175 155
 175 156
 175 158
 175 162
 175 164
 175 167
 175 168
 175 169
 175 172
 175 173
 175 174
 176 3
 176 4
 176 6
 176 7
 176 10
 176 12
 176 13
 176 14
 176 16
 176 17
 176 18
 176 19
 176 20
 176 21
 176 25
 176 26
 176 28
 176 30
 176 31
 176 33
 176 36
 176 37
 176 38
 176 43
 176 45
 176 47
 176 48
 176 52
 176 53
 176 55
 176 56
 176 57
 176 60
 176 62
 176 67
 176 73
 176 75
 176 76
 176 77
 176 78
 176 80
 176 82
 176 84
 176 85
 176 87
 176 88
 176 89
 176 90
 176 91
 176 92
 176 93
 176 94
 176 100
 176 102
 176 104
 176 106
 176 109
 176 110
 176 112
 176 115
 176 117
 176 118
 176 119
 176 128
 176 130
 176 132
 176 135
 176 136
 176 140
 176 141
 176 143
 176 144
 176 146
 176 149
 176 150
 176 151
 176 152
 176 154
 176 156
 176 158
 176 160
 176 162
 176 163
 176 165
 176 169
 176 173
 176 174
 177 2
 177 4
 177 6
 177 9
 177 10
 177 11
 177 12
 177 13
 177 15
 177 17
 177 21
 177 25
 177 26
 177 28
 177 29
 177 30
 177 31
 177 33
 177 36
 177 37
 177 40
 177 43
 177 46
 177 48
 177 49
 177 52
 177 54
 177 57
 177 60
 177 62
 177 64
 177 65
 177 68
 177 69
 177 71
 177 73
 177 77
 177 78
 177 80
 177 81
 177 82
 177 85
 177 88
 177 89
 177 92
 177 97
 177 98
 177 102
 177 103
 177 105
 177 106
 177 110
 177 113
 177 115
 177 117
 177 118
 177 123
 177 124
 177 125
 177 127
 177 128
 177 129
 177 133
 177 134
 177 135
 177 136
 177 137
 177 143
 177 144
 177 148
 177 153
 177 156
 177 158
 177 164
 177 167
 177 168
 177 169
 177 170
 177 173
 177 174
 177 175
 177 176
 178 2
 178 8
 178 9
 178 11
 178 13
 178 14
 178 17
 178 19
 178 21
 178 22
 178 24
 178 25
 178 26
 178 27
 178 28
 178 29
 178 30
 178 31
 178 32
 178 33
 178 35
 178 36
 178 38
 178 39
 178 42
 178 44
 178 45
 178 48
 178 49
 178 50
 178 51
 178 52
 178 53
 178 57
 178 58
 178 59
 178 60
 178 61
 178 62
 178 65
 178 67
 178 70
 178 74
 178 76
 178 80
 178 84
 178 86
 178 87
 178 89
 178 90
 178 91
 178 101
 178 102
 178 103
 178 106
 178 108
 178 109
 178 112
 178 113
 178 114
 178 116
 178 121
 178 122
 178 125
 178 126
 178 127
 178 128
 178 130
 178 134
 178 136
 178 141
 178 142
 178 145
 178 146
 178 148
 178 151
 178 152
 178 153
 178 156
 178 159
 178 161
 178 162
 178 165
 178 166
 178 167
 178 172
 178 173
 178 177
 179 2
 179 3
 179 4
 179 5
 179 7
 179 9
 179 10
 179 12
 179 13
 179 15
 179 18
 179 20
 179 21
 179 24
 179 28
 179 29
 179 31
 179 32
 179 34
 179 35
 179 36
 179 37
 179 40
 179 44
 179 46
 179 47
 179 49
 179 54
 179 56
 179 57
 179 60
 179 61
 179 62
 179 63
 179 65
 179 67
 179 69
 179 70
 179 72
 179 73
 179 75
 179 76
 179 78
 179 79
 179 80
 179 81
 179 83
 179 85
 179 87
 179 88
 179 91
 179 93
 179 96
 179 97
 179 101
 179 106
 179 108
 179 110
 179 113
 179 116
 179 118
 179 119
 179 120
 179 123
 179 124
 179 129
 179 130
 179 133
 179 138
 179 139
 179 141
 179 142
 179 144
 179 145
 179 146
 179 148
 179 149
 179 156
 179 157
 179 158
 179 159
 179 163
 179 164
 179 165
 179 166
 179 168
 179 169
 179 170
 179 172
 179 178
 180 2
 180 3
 180 4
 180 6
 180 10
 180 12
 180 14
 180 17
 180 18
 180 19
 180 21
 180 24
 180 28
 180 29
 180 31
 180 32
 180 34
 180 35
 180 38
 180 40
 180 41
 180 42
 180 44
 180 48
 180 50
 180 51
 180 52
 180 53
 180 54
 180 56
 180 57
 180 59
 180 60
 180 63
 180 65
 180 66
 180 67
 180 69
 180 70
 180 71
 180 73
 180 74
 180 76
 180 79
 180 80
 180 88
 180 90
 180 91
 180 93
 180 95
 180 96
 180 98
 180 99
 180 100
 180 105
 180 108
 180 109
 180 110
 180 113
 180 114
 180 117
 180 118
 180 119
 180 121
 180 122
 180 130
 180 141
 180 144
 180 146
 180 147
 180 148
 180 150
 180 151
 180 153
 180 154
 180 155
 180 156
 180 158
 180 161
 180 163
 180 164
 180 166
 180 168
 180 171
 180 173
 180 176
 180 177
 180 178
 181 4
 181 6
 181 7
 181 8
 181 10
 181 12
 181 14
 181 16
 181 17
 181 20
 181 22
 181 24
 181 26
 181 27
 181 30
 181 31
 181 34
 181 35
 181 37
 181 38
 181 43
 181 44
 181 45
 181 46
 181 48
 181 49
 181 54
 181 55
 181 56
 181 57
 181 58
 181 59
 181 60
 181 66
 181 67
 181 68
 181 69
 181 72
 181 74
 181 75
 181 77
 181 78
 181 79
 181 80
 181 82
 181 83
 181 84
 181 85
 181 86
 181 90
 181 91
 181 92
 181 93
 181 94
 181 96
 181 97
 181 98
 181 99
 181 104
 181 107
 181 109
 181 111
 181 114
 181 115
 181 116
 181 117
 181 118
 181 121
 181 122
 181 123
 181 125
 181 126
 181 131
 181 132
 181 135
 181 136
 181 144
 181 146
 181 147
 181 148
 181 150
 181 151
 181 152
 181 153
 181 155
 181 158
 181 159
 181 160
 181 161
 181 164
 181 165
 181 166
 181 167
 181 168
 181 169
 181 170
 181 173
 181 176
 181 177
 181 178
 182 1
 182 2
 182 3
 182 10
 182 11
 182 12
 182 13
 182 18
 182 19
 182 21
 182 22
 182 23
 182 24
 182 25
 182 28
 182 31
 182 35
 182 37
 182 38
 182 40
 182 41
 182 43
 182 44
 182 46
 182 47
 182 49
 182 50
 182 51
 182 52
 182 53
 182 54
 182 57
 182 59
 182 62
 182 63
 182 65
 182 66
 182 67
 182 68
 182 71
 182 73
 182 75
 182 76
 182 77
 182 78
 182 79
 182 80
 182 82
 182 89
 182 92
 182 93
 182 94
 182 96
 182 98
 182 99
 182 100
 182 104
 182 106
 182 107
 182 109
 182 111
 182 113
 182 118
 182 120
 182 123
 182 124
 182 126
 182 128
 182 129
 182 131
 182 132
 182 134
 182 135
 182 137
 182 138
 182 139
 182 144
 182 145
 182 146
 182 148
 182 149
 182 151
 182 152
 182 154
 182 155
 182 156
 182 163
 182 165
 182 167
 182 170
 182 172
 182 173
 182 174
 182 178
 182 181
 183 5
 183 6
 183 7
 183 13
 183 14
 183 15
 183 16
 183 19
 183 21
 183 23
 183 24
 183 27
 183 28
 183 29
 183 30
 183 31
 183 33
 183 34
 183 36
 183 37
 183 38
 183 40
 183 41
 183 44
 183 46
 183 48
 183 50
 183 53
 183 55
 183 56
 183 57
 183 58
 183 60
 183 61
 183 63
 183 65
 183 66
 183 68
 183 69
 183 70
 183 73
 183 76
 183 78
 183 79
 183 80
 183 83
 183 84
 183 85
 183 90
 183 91
 183 92
 183 96
 183 98
 183 100
 183 102
 183 103
 183 105
 183 108
 183 111
 183 112
 183 114
 183 115
 183 118
 183 120
 183 121
 183 122
 183 125
 183 128
 183 129
 183 132
 183 135
 183 136
 183 138
 183 145
 183 148
 183 149
 183 150
 183 154
 183 155
 183 156
 183 157
 183 158
 183 161
 183 163
 183 166
 183 167
 183 168
 183 170
 183 171
 183 172
 183 176
 183 177
 183 178
 183 179
 183 182
 184 3
 184 4
 184 5
 184 6
 184 7
 184 11
 184 12
 184 16
 184 17
 184 18
 184 20
 184 28
 184 29
 184 34
 184 37
 184 38
 184 39
 184 40
 184 43
 184 44
 184 46
 184 48
 184 51
 184 52
 184 53
 184 55
 184 56
 184 58
 184 62
 184 67
 184 68
 184 71
 184 72
 184 76
 184 77
 184 79
 184 81
 184 83
 184 86
 184 88
 184 89
 184 92
 184 93
 184 97
 184 102
 184 103
 184 104
 184 106
 184 108
 184 110
 184 111
 184 112
 184 114
 184 116
 184 117
 184 120
 184 121
 184 125
 184 127
 184 128
 184 129
 184 130
 184 131
 184 132
 184 139
 184 142
 184 145
 184 147
 184 148
 184 149
 184 152
 184 153
 184 154
 184 156
 184 160
 184 162
 184 163
 184 164
 184 167
 184 171
 184 173
 184 174
 184 175
 184 177
 184 178
 184 181
 184 182
 185 1
 185 2
 185 9
 185 10
 185 11
 185 14
 185 15
 185 16
 185 17
 185 18
 185 19
 185 21
 185 23
 185 26
 185 29
 185 30
 185 31
 185 35
 185 36
 185 40
 185 41
 185 42
 185 44
 185 46
 185 47
 185 48
 185 49
 185 53
 185 54
 185 55
 185 58
 185 59
 185 60
 185 61
 185 66
 185 68
 185 69
 185 70
 185 71
 185 72
 185 73
 185 74
 185 75
 185 77
 185 78
 185 81
 185 83
 185 84
 185 87
 185 90
 185 93
 185 94
 185 97
 185 100
 185 102
 185 105
 185 106
 185 107
 185 109
 185 110
 185 112
 185 117
 185 119
 185 121
 185 122
 185 124
 185 125
 185 131
 185 132
 185 133
 185 134
 185 137
 185 138
 185 142
 185 143
 185 144
 185 147
 185 150
 185 152
 185 156
 185 158
 185 159
 185 160
 185 161
 185 162
 185 163
 185 164
 185 166
 185 167
 185 171
 185 172
 185 174
 185 176
 185 177
 185 180
 185 181
 186 1
 186 2
 186 10
 186 13
 186 14
 186 15
 186 16
 186 17
 186 18
 186 19
 186 21
 186 22
 186 25
 186 26
 186 27
 186 28
 186 29
 186 30
 186 31
 186 34
 186 35
 186 36
 186 37
 186 38
 186 39
 186 45
 186 46
 186 47
 186 49
 186 52
 186 54
 186 56
 186 59
 186 60
 186 61
 186 65
 186 66
 186 67
 186 68
 186 69
 186 70
 186 73
 186 78
 186 79
 186 80
 186 82
 186 86
 186 88
 186 90
 186 92
 186 94
 186 98
 186 99
 186 100
 186 101
 186 103
 186 105
 186 106
 186 107
 186 109
 186 112
 186 116
 186 118
 186 122
 186 124
 186 130
 186 134
 186 137
 186 139
 186 140
 186 141
 186 142
 186 143
 186 147
 186 149
 186 150
 186 151
 186 152
 186 154
 186 155
 186 159
 186 160
 186 161
 186 162
 186 163
 186 164
 186 165
 186 168
 186 169
 186 170
 186 171
 186 172
 186 175
 186 177
 186 178
 186 180
 186 182
 186 183
 186 184
 186 185
 187 1
 187 2
 187 4
 187 5
 187 6
 187 10
 187 12
 187 13
 187 14
 187 19
 187 21
 187 22
 187 25
 187 27
 187 31
 187 34
 187 35
 187 36
 187 37
 187 42
 187 43
 187 44
 187 45
 187 50
 187 53
 187 54
 187 59
 187 60
 187 61
 187 63
 187 64
 187 66
 187 67
 187 70
 187 71
 187 73
 187 74
 187 77
 187 80
 187 82
 187 84
 187 88
 187 89
 187 96
 187 102
 187 103
 187 105
 187 106
 187 107
 187 108
 187 109
 187 111
 187 113
 187 114
 187 115
 187 118
 187 119
 187 120
 187 131
 187 132
 187 133
 187 135
 187 137
 187 138
 187 140
 187 141
 187 142
 187 143
 187 144
 187 146
 187 147
 187 148
 187 150
 187 151
 187 153
 187 154
 187 155
 187 159
 187 160
 187 169
 187 172
 187 176
 187 177
 187 178
 187 181
 187 183
 187 184
 188 1
 188 5
 188 6
 188 10
 188 14
 188 16
 188 19
 188 23
 188 27
 188 28
 188 30
 188 31
 188 37
 188 38
 188 45
 188 46
 188 48
 188 49
 188 50
 188 52
 188 54
 188 57
 188 58
 188 59
 188 61
 188 62
 188 64
 188 65
 188 66
 188 67
 188 68
 188 71
 188 72
 188 75
 188 77
 188 80
 188 83
 188 89
 188 91
 188 93
 188 96
 188 97
 188 101
 188 103
 188 106
 188 113
 188 114
 188 118
 188 120
 188 121
 188 122
 188 125
 188 127
 188 128
 188 131
 188 134
 188 135
 188 136
 188 138
 188 142
 188 143
 188 144
 188 147
 188 148
 188 150
 188 153
 188 154
 188 156
 188 160
 188 161
 188 165
 188 166
 188 171
 188 172
 188 176
 188 182
 188 183
 188 184
 188 186
 189 1
 189 3
 189 4
 189 5
 189 9
 189 12
 189 13
 189 14
 189 15
 189 16
 189 17
 189 18
 189 21
 189 22
 189 23
 189 25
 189 28
 189 29
 189 30
 189 31
 189 35
 189 36
 189 37
 189 38
 189 39
 189 42
 189 44
 189 45
 189 47
 189 51
 189 52
 189 53
 189 54
 189 56
 189 57
 189 58
 189 60
 189 61
 189 63
 189 64
 189 65
 189 70
 189 72
 189 73
 189 79
 189 87
 189 91
 189 92
 189 96
 189 97
 189 98
 189 99
 189 100
 189 104
 189 105
 189 106
 189 107
 189 111
 189 112
 189 113
 189 114
 189 115
 189 116
 189 119
 189 120
 189 123
 189 124
 189 128
 189 129
 189 131
 189 132
 189 133
 189 136
 189 139
 189 141
 189 143
 189 148
 189 150
 189 154
 189 155
 189 156
 189 158
 189 159
 189 160
 189 161
 189 162
 189 163
 189 165
 189 167
 189 168
 189 169
 189 170
 189 172
 189 173
 189 174
 189 175
 189 179
 189 183
 189 186
 189 187
 190 1
 190 2
 190 3
 190 4
 190 6
 190 7
 190 9
 190 12
 190 15
 190 17
 190 20
 190 21
 190 22
 190 24
 190 25
 190 28
 190 30
 190 36
 190 37
 190 39
 190 43
 190 44
 190 45
 190 46
 190 47
 190 50
 190 52
 190 53
 190 55
 190 57
 190 59
 190 61
 190 66
 190 68
 190 69
 190 70
 190 72
 190 76
 190 85
 190 89
 190 91
 190 92
 190 93
 190 95
 190 97
 190 98
 190 101
 190 105
 190 106
 190 108
 190 109
 190 113
 190 117
 190 119
 190 121
 190 123
 190 124
 190 126
 190 127
 190 130
 190 136
 190 137
 190 138
 190 140
 190 141
 190 143
 190 145
 190 146
 190 147
 190 148
 190 150
 190 151
 190 152
 190 153
 190 157
 190 159
 190 161
 190 162
 190 163
 190 164
 190 167
 190 168
 190 169
 190 170
 190 174
 190 175
 190 177
 190 178
 190 179
 190 180
 190 183
 190 185
 190 187
 191 1
 191 2
 191 3
 191 6
 191 8
 191 9
 191 10
 191 13
 191 14
 191 16
 191 17
 191 21
 191 23
 191 24
 191 26
 191 27
 191 28
 191 30
 191 33
 191 36
 191 40
 191 42
 191 44
 191 45
 191 47
 191 53
 191 56
 191 58
 191 59
 191 61
 191 66
 191 67
 191 68
 191 70
 191 71
 191 73
 191 74
 191 77
 191 78
 191 79
 191 81
 191 82
 191 85
 191 88
 191 89
 191 90
 191 93
 191 94
 191 95
 191 102
 191 105
 191 110
 191 112
 191 113
 191 114
 191 116
 191 117
 191 118
 191 119
 191 125
 191 126
 191 127
 191 128
 191 130
 191 131
 191 132
 191 134
 191 135
 191 142
 191 144
 191 146
 191 147
 191 152
 191 155
 191 156
 191 158
 191 159
 191 166
 191 168
 191 169
 191 170
 191 171
 191 172
 191 173
 191 175
 191 177
 191 179
 191 181
 191 182
 191 183
 191 189
 191 190
 192 6
 192 8
 192 9
 192 11
 192 14
 192 17
 192 21
 192 22
 192 23
 192 24
 192 25
 192 27
 192 29
 192 32
 192 35
 192 40
 192 44
 192 45
 192 46
 192 47
 192 49
 192 51
 192 52
 192 56
 192 57
 192 58
 192 63
 192 64
 192 65
 192 66
 192 68
 192 69
 192 70
 192 71
 192 72
 192 76
 192 77
 192 81
 192 85
 192 86
 192 89
 192 90
 192 92
 192 96
 192 97
 192 99
 192 100
 192 101
 192 104
 192 106
 192 107
 192 111
 192 114
 192 116
 192 118
 192 119
 192 126
 192 130
 192 131
 192 132
 192 136
 192 139
 192 141
 192 145
 192 146
 192 148
 192 149
 192 150
 192 151
 192 156
 192 157
 192 159
 192 160
 192 163
 192 164
 192 165
 192 168
 192 169
 192 170
 192 171
 192 173
 192 182
 192 183
 192 184
 192 185
 192 186
 192 188
 192 190
 193 1
 193 4
 193 5
 193 6
 193 9
 193 11
 193 12
 193 15
 193 23
 193 27
 193 32
 193 34
 193 36
 193 38
 193 39
 193 43
 193 47
 193 48
 193 50
 193 52
 193 53
 193 54
 193 59
 193 62
 193 63
 193 64
 193 68
 193 69
 193 70
 193 71
 193 72
 193 76
 193 77
 193 78
 193 79
 193 80
 193 81
 193 82
 193 83
 193 84
 193 89
 193 90
 193 91
 193 93
 193 95
 193 99
 193 104
 193 107
 193 113
 193 114
 193 119
 193 120
 193 121
 193 124
 193 127
 193 128
 193 129
 193 130
 193 131
 193 133
 193 134
 193 136
 193 143
 193 146
 193 149
 193 154
 193 155
 193 159
 193 160
 193 162
 193 163
 193 166
 193 167
 193 169
 193 171
 193 173
 193 175
 193 176
 193 178
 193 181
 193 186
 193 192
 194 2
 194 6
 194 9
 194 14
 194 15
 194 17
 194 18
 194 21
 194 22
 194 29
 194 31
 194 34
 194 35
 194 36
 194 38
 194 39
 194 41
 194 42
 194 44
 194 45
 194 47
 194 48
 194 49
 194 51
 194 52
 194 53
 194 55
 194 57
 194 60
 194 61
 194 63
 194 64
 194 65
 194 68
 194 69
 194 70
 194 71
 194 73
 194 77
 194 78
 194 82
 194 84
 194 89
 194 90
 194 91
 194 93
 194 97
 194 102
 194 103
 194 104
 194 106
 194 108
 194 109
 194 112
 194 115
 194 116
 194 118
 194 119
 194 120
 194 121
 194 122
 194 123
 194 124
 194 126
 194 127
 194 128
 194 129
 194 132
 194 134
 194 137
 194 139
 194 142
 194 144
 194 146
 194 148
 194 151
 194 152
 194 153
 194 156
 194 160
 194 161
 194 163
 194 164
 194 166
 194 167
 194 169
 194 170
 194 171
 194 173
 194 174
 194 175
 194 176
 194 177
 194 183
 194 184
 194 185
 194 187
 194 188
 194 189
 194 190
 194 191
 195 2
 195 7
 195 13
 195 17
 195 18
 195 21
 195 23
 195 24
 195 25
 195 30
 195 35
 195 36
 195 38
 195 39
 195 41
 195 43
 195 45
 195 46
 195 47
 195 49
 195 54
 195 55
 195 56
 195 58
 195 59
 195 61
 195 62
 195 63
 195 64
 195 69
 195 71
 195 72
 195 73
 195 74
 195 82
 195 85
 195 87
 195 90
 195 91
 195 92
 195 97
 195 98
 195 99
 195 100
 195 102
 195 103
 195 104
 195 106
 195 107
 195 108
 195 109
 195 111
 195 113
 195 116
 195 119
 195 120
 195 121
 195 124
 195 125
 195 126
 195 129
 195 133
 195 134
 195 137
 195 138
 195 140
 195 141
 195 142
 195 143
 195 144
 195 145
 195 146
 195 147
 195 148
 195 153
 195 154
 195 157
 195 159
 195 160
 195 161
 195 162
 195 163
 195 164
 195 165
 195 166
 195 171
 195 173
 195 176
 195 178
 195 180
 195 181
 195 182
 195 183
 195 184
 195 187
 195 189
 195 191
 195 192
 196 3
 196 4
 196 8
 196 9
 196 11
 196 15
 196 16
 196 18
 196 19
 196 20
 196 25
 196 26
 196 28
 196 29
 196 30
 196 32
 196 33
 196 34
 196 36
 196 37
 196 38
 196 40
 196 43
 196 44
 196 46
 196 58
 196 59
 196 60
 196 62
 196 63
 196 65
 196 67
 196 69
 196 70
 196 71
 196 74
 196 75
 196 76
 196 80
 196 84
 196 85
 196 87
 196 90
 196 91
 196 93
 196 94
 196 97
 196 99
 196 100
 196 101
 196 102
 196 103
 196 105
 196 106
 196 107
 196 109
 196 111
 196 114
 196 115
 196 118
 196 120
 196 123
 196 125
 196 127
 196 134
 196 136
 196 139
 196 142
 196 144
 196 145
 196 147
 196 150
 196 151
 196 153
 196 156
 196 158
 196 160
 196 165
 196 167
 196 170
 196 171
 196 174
 196 177
 196 178
 196 180
 196 181
 196 182
 196 183
 196 185
 196 192
 196 195
 197 3
 197 6
 197 10
 197 15
 197 17
 197 18
 197 20
 197 22
 197 25
 197 26
 197 29
 197 30
 197 32
 197 33
 197 37
 197 41
 197 44
 197 45
 197 46
 197 49
 197 51
 197 56
 197 57
 197 58
 197 61
 197 65
 197 67
 197 69
 197 70
 197 74
 197 76
 197 77
 197 81
 197 82
 197 84
 197 87
 197 88
 197 89
 197 90
 197 94
 197 95
 197 96
 197 97
 197 99
 197 103
 197 104
 197 105
 197 106
 197 107
 197 108
 197 110
 197 111
 197 112
 197 113
 197 115
 197 116
 197 119
 197 120
 197 121
 197 122
 197 127
 197 129
 197 131
 197 132
 197 133
 197 136
 197 141
 197 144
 197 145
 197 148
 197 149
 197 150
 197 151
 197 152
 197 153
 197 155
 197 157
 197 159
 197 161
 197 164
 197 165
 197 166
 197 168
 197 170
 197 173
 197 174
 197 175
 197 178
 197 179
 197 180
 197 181
 197 182
 197 185
 197 187
 197 188
 197 189
 197 191
 197 192
 197 195
 198 1
 198 2
 198 5
 198 9
 198 10
 198 14
 198 17
 198 18
 198 19
 198 20
 198 21
 198 24
 198 28
 198 30
 198 31
 198 32
 198 33
 198 37
 198 41
 198 43
 198 46
 198 49
 198 54
 198 56
 198 60
 198 61
 198 62
 198 66
 198 67
 198 68
 198 69
 198 70
 198 72
 198 74
 198 75
 198 77
 198 81
 198 82
 198 83
 198 84
 198 85
 198 88
 198 91
 198 94
 198 95
 198 97
 198 100
 198 106
 198 107
 198 108
 198 110
 198 111
 198 112
 198 113
 198 115
 198 117
 198 118
 198 122
 198 123
 198 124
 198 125
 198 129
 198 131
 198 132
 198 133
 198 134
 198 135
 198 136
 198 137
 198 140
 198 143
 198 144
 198 145
 198 147
 198 148
 198 149
 198 150
 198 151
 198 153
 198 157
 198 161
 198 165
 198 166
 198 168
 198 169
 198 170
 198 171
 198 172
 198 176
 198 179
 198 180
 198 182
 198 183
 198 184
 198 185
 198 187
 198 188
 198 192
 198 197
 199 2
 199 6
 199 8
 199 9
 199 11
 199 13
 199 16
 199 18
 199 19
 199 20
 199 21
 199 22
 199 26
 199 28
 199 30
 199 31
 199 33
 199 35
 199 37
 199 39
 199 40
 199 42
 199 44
 199 45
 199 47
 199 48
 199 51
 199 52
 199 53
 199 54
 199 55
 199 57
 199 71
 199 74
 199 76
 199 78
 199 79
 199 89
 199 90
 199 93
 199 94
 199 96
 199 97
 199 99
 199 102
 199 105
 199 106
 199 109
 199 111
 199 112
 199 113
 199 114
 199 115
 199 116
 199 117
 199 122
 199 125
 199 128
 199 129
 199 131
 199 132
 199 133
 199 135
 199 137
 199 138
 199 139
 199 141
 199 148
 199 149
 199 154
 199 155
 199 156
 199 157
 199 159
 199 160
 199 163
 199 166
 199 171
 199 172
 199 175
 199 178
 199 179
 199 183
 199 184
 199 185
 199 188
 199 189
 199 196
 199 197
 199 198
 200 7
 200 9
 200 10
 200 11
 200 15
 200 20
 200 21
 200 22
 200 23
 200 25
 200 26
 200 28
 200 29
 200 30
 200 31
 200 32
 200 33
 200 36
 200 37
 200 38
 200 41
 200 48
 200 49
 200 54
 200 55
 200 56
 200 57
 200 63
 200 65
 200 69
 200 70
 200 72
 200 73
 200 74
 200 75
 200 76
 200 78
 200 79
 200 84
 200 85
 200 88
 200 90
 200 91
 200 92
 200 93
 200 94
 200 95
 200 100
 200 102
 200 103
 200 105
 200 108
 200 110
 200 111
 200 112
 200 113
 200 116
 200 118
 200 124
 200 127
 200 131
 200 132
 200 134
 200 136
 200 137
 200 141
 200 143
 200 144
 200 147
 200 148
 200 149
 200 150
 200 152
 200 154
 200 160
 200 161
 200 163
 200 164
 200 165
 200 166
 200 168
 200 169
 200 170
 200 171
 200 172
 200 174
 200 176
 200 177
 200 178
 200 180
 200 181
 200 182
 200 183
 200 184
 200 185
 200 186
 200 188
 200 191
 200 192
 200 193
 200 194
 200 195
 200 196