200 12048
3 2
4 3
5 1
5 3
5 4
6 2
6 3
6 4
6 5
7 1
7 2
7 4
7 6
8 1
8 4
8 7
9 1
9 2
9 4
9 5
9 6
9 7
10 1
10 2
10 4
10 5
10 7
11 1
11 3
11 4
11 5
11 6
11 10
12 1
12 2
12 3
12 5
12 8
12 9
12 10
12 11
13 1
13 2
13 3
13 7
14 1
14 5
14 6
14 7
14 9
14 10
14 11
14 12
15 2
15 4
15 5
15 7
15 8
15 9
15 10
15 12
15 14
16 1
16 3
16 4
16 5
16 7
16 8
16 9
16 11
16 13
17 1
17 2
17 3
17 4
17 5
17 7
17 8
17 9
17 13
17 15
18 2
18 6
18 10
18 11
18 12
18 13
18 14
18 15
18 16
18 17
19 1
19 3
19 4
19 5
19 7
19 9
19 14
19 15
19 16
20 1
20 2
20 4
20 6
20 7
20 8
20 9
20 12
20 15
20 17
20 18
20 19
21 4
21 5
21 6
21 9
21 11
21 14
21 15
21 16
21 20
22 2
22 3
22 4
22 5
22 6
22 8
22 10
22 11
22 12
22 13
22 14
22 16
22 17
22 18
22 20
22 21
23 2
23 4
23 5
23 7
23 8
23 9
23 10
23 12
23 14
23 17
23 18
23 20
24 2
24 3
24 4
24 5
24 6
24 7
24 8
24 11
24 12
24 14
24 17
24 18
24 21
24 22
24 23
25 1
25 2
25 3
25 4
25 6
25 7
25 8
25 9
25 10
25 11
25 12
25 13
25 14
25 16
25 21
25 22
25 23
25 24
26 2
26 6
26 7
26 9
26 10
26 11
26 13
26 14
26 20
26 22
26 23
26 25
27 5
27 7
27 8
27 9
27 10
27 11
27 13
27 14
27 15
27 16
27 17
27 18
27 19
27 21
27 26
28 1
28 3
28 5
28 9
28 10
28 11
28 12
28 13
28 14
28 17
28 18
28 19
28 22
28 23
28 24
28 25
28 26
29 1
29 2
29 3
29 5
29 6
29 7
29 9
29 11
29 12
29 13
29 15
29 16
29 19
29 20
29 22
29 23
29 24
29 25
29 26
29 27
30 1
30 2
30 3
30 4
30 7
30 13
30 14
30 17
30 19
30 20
30 25
30 26
30 28
30 29
31 2
31 6
31 9
31 11
31 13
31 14
31 15
31 16
31 18
31 19
31 21
31 23
31 24
31 26
31 28
31 29
32 1
32 3
32 5
32 6
32 7
32 8
32 9
32 10
32 14
32 15
32 16
32 17
32 18
32 19
32 20
32 21
32 22
32 25
32 27
32 28
32 31
33 2
33 3
33 4
33 6
33 7
33 9
33 11
33 12
33 13
33 15
33 18
33 19
33 20
33 22
33 23
33 24
33 26
33 30
33 31
33 32
34 1
34 2
34 3
34 4
34 7
34 8
34 10
34 13
34 15
34 16
34 17
34 18
34 19
34 22
34 23
34 24
34 25
34 28
34 29
34 32
34 33
35 1
35 2
35 3
35 4
35 7
35 9
35 10
35 11
35 12
35 13
35 15
35 18
35 20
35 21
35 23
35 24
35 26
35 27
35 28
35 29
35 30
35 31
35 32
36 3
36 4
36 5
36 6
36 7
36 8
36 9
36 10
36 11
36 12
36 13
36 14
36 15
36 17
36 19
36 21
36 26
36 28
36 29
36 30
36 32
36 33
36 35
37 5
37 8
37 11
37 12
37 13
37 17
37 18
37 19
37 22
37 24
37 26
37 27
37 28
37 29
37 30
37 31
37 32
37 34
37 35
37 36
38 1
38 3
38 4
38 5
38 7
38 8
38 11
38 12
38 17
38 20
38 21
38 23
38 29
38 31
38 32
38 33
38 35
38 36
39 3
39 4
39 6
39 8
39 9
39 10
39 11
39 12
39 13
39 14
39 15
39 18
39 22
39 27
39 28
39 29
39 31
39 34
39 38
40 1
40 3
40 4
40 7
40 9
40 14
40 15
40 18
40 19
40 20
40 22
40 24
40 25
40 27
40 30
40 31
40 32
40 33
40 34
40 35
40 36
40 37
40 38
41 1
41 4
41 5
41 6
41 9
41 11
41 12
41 13
41 14
41 15
41 16
41 17
41 21
41 22
41 26
41 27
41 28
41 30
41 31
41 32
41 33
41 34
41 35
41 36
41 37
41 38
41 39
41 40
42 4
42 9
42 11
42 14
42 16
42 17
42 18
42 19
42 20
42 23
42 24
42 25
42 26
42 28
42 29
42 30
42 34
42 35
42 36
42 37
42 38
42 39
42 40
43 1
43 2
43 4
43 6
43 8
43 9
43 11
43 12
43 13
43 15
43 17
43 19
43 20
43 21
43 22
43 25
43 29
43 33
43 36
43 38
43 39
43 40
43 41
43 42
44 1
44 2
44 3
44 4
44 5
44 7
44 8
44 10
44 13
44 18
44 19
44 22
44 23
44 27
44 29
44 31
44 32
44 33
44 35
44 36
44 38
44 39
44 40
44 41
44 42
45 1
45 2
45 3
45 6
45 7
45 9
45 10
45 11
45 15
45 16
45 17
45 19
45 22
45 23
45 25
45 26
45 27
45 28
45 30
45 31
45 32
45 33
45 34
45 35
45 38
45 39
45 40
45 41
45 44
46 3
46 4
46 5
46 7
46 8
46 9
46 10
46 11
46 12
46 14
46 15
46 16
46 17
46 18
46 20
46 22
46 23
46 24
46 26
46 27
46 28
46 29
46 31
46 35
46 36
46 38
46 39
46 41
46 42
46 43
46 44
47 5
47 6
47 8
47 9
47 11
47 12
47 13
47 18
47 19
47 20
47 21
47 22
47 23
47 24
47 26
47 27
47 29
47 30
47 31
47 34
47 36
47 38
47 39
47 40
47 41
47 44
47 45
47 46
48 2
48 4
48 7
48 9
48 12
48 13
48 15
48 17
48 19
48 20
48 21
48 25
48 27
48 29
48 32
48 34
48 35
48 37
48 38
48 39
48 40
48 41
48 42
48 44
48 45
48 46
48 47
49 1
49 2
49 4
49 6
49 7
49 9
49 10
49 11
49 12
49 15
49 18
49 20
49 22
49 24
49 25
49 26
49 27
49 29
49 31
49 33
49 35
49 36
49 37
49 38
49 39
49 41
49 42
49 43
49 44
49 45
49 47
50 3
50 7
50 10
50 11
50 13
50 15
50 16
50 17
50 19
50 20
50 21
50 22
50 24
50 25
50 27
50 30
50 31
50 32
50 34
50 35
50 36
50 37
50 39
50 41
50 44
50 45
50 46
50 48
50 49
51 1
51 2
51 3
51 4
51 5
51 7
51 10
51 12
51 13
51 14
51 16
51 18
51 19
51 21
51 22
51 23
51 28
51 29
51 30
51 31
51 32
51 34
51 36
51 37
51 39
51 42
51 44
51 45
51 48
52 1
52 4
52 5
52 6
52 7
52 8
52 9
52 10
52 11
52 12
52 13
52 14
52 15
52 16
52 17
52 18
52 19
52 21
52 22
52 24
52 25
52 29
52 30
52 31
52 35
52 36
52 37
52 40
52 41
52 42
52 44
52 45
52 46
52 51
53 3
53 4
53 6
53 7
53 8
53 9
53 10
53 12
53 13
53 15
53 17
53 18
53 19
53 20
53 21
53 22
53 25
53 26
53 28
53 31
53 32
53 38
53 39
53 40
53 41
53 42
53 45
53 46
53 50
53 51
54 2
54 4
54 5
54 6
54 7
54 8
54 10
54 11
54 12
54 13
54 16
54 18
54 19
54 20
54 21
54 24
54 25
54 26
54 27
54 30
54 31
54 35
54 37
54 38
54 39
54 40
54 42
54 43
54 44
54 45
54 48
54 49
54 51
54 52
55 1
55 2
55 3
55 4
55 5
55 6
55 7
55 8
55 9
55 10
55 12
55 15
55 16
55 17
55 19
55 20
55 22
55 25
55 26
55 27
55 30
55 31
55 32
55 34
55 36
55 39
55 40
55 41
55 43
55 44
55 46
55 47
55 48
55 49
55 50
55 52
55 53
55 54
56 3
56 4
56 6
56 7
56 9
56 10
56 11
56 12
56 13
56 15
56 16
56 17
56 19
56 20
56 21
56 22
56 23
56 24
56 26
56 28
56 30
56 32
56 34
56 35
56 36
56 37
56 38
56 39
56 46
56 47
56 48
56 50
56 51
56 52
56 55
57 1
57 3
57 5
57 7
57 8
57 9
57 10
57 11
57 12
57 15
57 16
57 17
57 18
57 20
57 21
57 22
57 24
57 25
57 26
57 27
57 29
57 30
57 31
57 33
57 36
57 37
57 38
57 39
57 40
57 42
57 43
57 45
57 46
57 48
57 49
57 51
57 52
57 54
57 55
57 56
58 1
58 2
58 3
58 4
58 5
58 7
58 8
58 9
58 12
58 16
58 17
58 18
58 19
58 21
58 23
58 24
58 27
58 29
58 31
58 32
58 33
58 34
58 35
58 36
58 38
58 39
58 41
58 43
58 45
58 50
58 54
58 56
59 1
59 3
59 5
59 6
59 8
59 9
59 10
59 11
59 17
59 18
59 20
59 21
59 24
59 25
59 31
59 33
59 34
59 35
59 36
59 37
59 39
59 40
59 41
59 42
59 44
59 45
59 46
59 47
59 48
59 52
59 54
59 55
59 56
59 57
59 58
60 1
60 5
60 7
60 8
60 9
60 10
60 12
60 15
60 17
60 19
60 22
60 25
60 26
60 27
60 28
60 29
60 30
60 35
60 37
60 39
60 41
60 42
60 44
60 45
60 47
60 48
60 49
60 50
60 51
60 52
60 53
60 55
60 56
60 57
60 58
61 2
61 3
61 7
61 8
61 10
61 11
61 15
61 16
61 17
61 18
61 20
61 21
61 22
61 23
61 24
61 25
61 26
61 27
61 28
61 30
61 31
61 32
61 33
61 37
61 38
61 39
61 43
61 45
61 46
61 47
61 48
61 50
61 51
61 52
61 53
61 54
61 55
61 57
61 58
61 59
62 1
62 2
62 3
62 4
62 5
62 9
62 10
62 14
62 16
62 17
62 18
62 19
62 21
62 22
62 23
62 24
62 25
62 26
62 27
62 28
62 29
62 33
62 35
62 36
62 37
62 41
62 42
62 44
62 45
62 47
62 48
62 49
62 51
62 52
62 53
62 54
62 55
62 57
62 58
62 59
63 1
63 4
63 5
63 6
63 7
63 8
63 9
63 11
63 12
63 16
63 17
63 18
63 19
63 20
63 21
63 22
63 23
63 24
63 26
63 27
63 29
63 30
63 36
63 37
63 38
63 40
63 43
63 44
63 46
63 47
63 48
63 49
63 51
63 52
63 55
63 57
63 59
63 60
63 61
63 62
64 1
64 2
64 3
64 7
64 8
64 9
64 10
64 11
64 14
64 15
64 16
64 18
64 19
64 20
64 21
64 24
64 25
64 27
64 30
64 31
64 32
64 34
64 35
64 38
64 43
64 48
64 49
64 50
64 52
64 53
64 56
64 57
64 58
64 59
64 60
64 61
64 62
65 1
65 2
65 3
65 5
65 6
65 7
65 10
65 11
65 12
65 16
65 17
65 18
65 20
65 21
65 23
65 25
65 26
65 27
65 28
65 30
65 32
65 33
65 34
65 35
65 37
65 38
65 39
65 40
65 42
65 43
65 46
65 47
65 49
65 51
65 53
65 54
65 56
65 57
65 59
65 61
65 62
65 63
65 64
66 1
66 2
66 5
66 6
66 7
66 8
66 11
66 12
66 13
66 14
66 15
66 17
66 19
66 20
66 21
66 23
66 25
66 26
66 30
66 31
66 33
66 35
66 36
66 43
66 44
66 45
66 47
66 48
66 49
66 50
66 51
66 53
66 56
66 57
66 59
66 60
66 62
66 64
66 65
67 2
67 3
67 6
67 8
67 10
67 11
67 12
67 13
67 14
67 15
67 18
67 21
67 22
67 24
67 26
67 27
67 28
67 29
67 31
67 32
67 35
67 41
67 42
67 44
67 45
67 46
67 47
67 48
67 49
67 51
67 53
67 55
67 56
67 59
67 61
67 62
67 63
67 64
67 65
68 1
68 3
68 4
68 5
68 6
68 7
68 8
68 10
68 13
68 14
68 15
68 16
68 17
68 21
68 22
68 24
68 25
68 26
68 27
68 28
68 30
68 31
68 32
68 33
68 35
68 37
68 38
68 39
68 40
68 41
68 43
68 46
68 48
68 49
68 50
68 51
68 52
68 53
68 54
68 56
68 57
68 58
68 59
68 60
68 62
68 63
68 64
68 66
69 1
69 2
69 7
69 8
69 9
69 10
69 11
69 12
69 13
69 14
69 15
69 16
69 18
69 19
69 20
69 21
69 22
69 23
69 24
69 25
69 26
69 27
69 33
69 34
69 37
69 38
69 39
69 40
69 43
69 45
69 46
69 49
69 50
69 51
69 52
69 54
69 56
69 57
69 58
69 60
69 65
69 66
69 67
70 1
70 3
70 5
70 6
70 12
70 13
70 14
70 16
70 17
70 18
70 19
70 20
70 21
70 24
70 25
70 29
70 32
70 34
70 35
70 36
70 38
70 41
70 42
70 46
70 48
70 50
70 51
70 53
70 55
70 56
70 57
70 59
70 60
70 61
70 62
70 63
70 65
70 66
70 68
70 69
71 3
71 4
71 5
71 6
71 7
71 9
71 10
71 11
71 13
71 15
71 16
71 17
71 18
71 21
71 23
71 26
71 27
71 28
71 30
71 33
71 36
71 38
71 39
71 40
71 41
71 43
71 46
71 47
71 49
71 55
71 57
71 59
71 60
71 61
71 65
71 68
71 69
71 70
72 1
72 4
72 5
72 6
72 7
72 8
72 13
72 14
72 15
72 19
72 20
72 23
72 25
72 26
72 28
72 30
72 31
72 32
72 33
72 34
72 36
72 37
72 39
72 40
72 45
72 49
72 50
72 51
72 52
72 53
72 55
72 57
72 61
72 62
72 63
72 64
72 65
72 67
72 70
73 1
73 2
73 3
73 4
73 5
73 6
73 7
73 8
73 10
73 11
73 13
73 14
73 15
73 16
73 17
73 20
73 22
73 24
73 25
73 26
73 28
73 29
73 35
73 36
73 37
73 38
73 41
73 42
73 43
73 45
73 46
73 48
73 49
73 50
73 51
73 54
73 55
73 56
73 57
73 61
73 62
73 64
73 65
73 67
73 68
73 69
73 71
74 1
74 4
74 5
74 9
74 10
74 11
74 13
74 16
74 18
74 19
74 21
74 24
74 25
74 26
74 28
74 29
74 31
74 32
74 33
74 36
74 37
74 38
74 39
74 43
74 44
74 45
74 46
74 47
74 48
74 49
74 50
74 52
74 53
74 57
74 60
74 62
74 64
74 68
74 69
74 70
74 71
74 72
74 73
75 2
75 3
75 4
75 5
75 6
75 7
75 8
75 9
75 11
75 12
75 14
75 15
75 16
75 17
75 18
75 20
75 21
75 23
75 25
75 27
75 29
75 30
75 31
75 32
75 33
75 36
75 39
75 42
75 43
75 45
75 46
75 47
75 49
75 54
75 60
75 63
75 64
75 65
75 66
75 68
75 69
75 71
75 72
75 73
75 74
76 1
76 2
76 5
76 7
76 8
76 10
76 11
76 12
76 16
76 17
76 18
76 19
76 20
76 21
76 22
76 27
76 28
76 31
76 33
76 34
76 35
76 38
76 39
76 41
76 46
76 47
76 49
76 50
76 51
76 54
76 55
76 56
76 62
76 65
76 66
76 67
76 68
76 69
76 71
76 72
76 73
76 75
77 2
77 5
77 6
77 7
77 8
77 9
77 10
77 12
77 13
77 14
77 15
77 16
77 18
77 19
77 20
77 21
77 23
77 24
77 27
77 28
77 29
77 30
77 31
77 32
77 34
77 35
77 36
77 37
77 41
77 47
77 48
77 49
77 51
77 52
77 53
77 55
77 56
77 59
77 61
77 63
77 66
77 68
77 71
77 72
77 74
77 75
77 76
78 2
78 4
78 5
78 6
78 7
78 8
78 9
78 12
78 13
78 14
78 21
78 23
78 24
78 26
78 28
78 29
78 30
78 31
78 33
78 35
78 37
78 38
78 40
78 41
78 42
78 43
78 46
78 47
78 48
78 51
78 55
78 56
78 57
78 60
78 62
78 63
78 65
78 67
78 68
78 71
78 72
78 73
78 74
78 77
79 1
79 3
79 4
79 5
79 6
79 7
79 10
79 12
79 14
79 16
79 18
79 20
79 23
79 25
79 26
79 28
79 29
79 31
79 32
79 33
79 34
79 35
79 37
79 41
79 42
79 43
79 46
79 47
79 53
79 54
79 57
79 58
79 60
79 61
79 64
79 65
79 66
79 67
79 69
79 71
79 72
79 73
79 75
79 76
79 77
79 78
80 1
80 3
80 4
80 5
80 6
80 7
80 9
80 11
80 12
80 13
80 14
80 15
80 17
80 18
80 21
80 23
80 24
80 26
80 30
80 32
80 33
80 34
80 35
80 36
80 37
80 39
80 40
80 41
80 42
80 46
80 47
80 48
80 49
80 50
80 51
80 52
80 53
80 54
80 55
80 56
80 63
80 64
80 65
80 70
80 72
80 76
80 78
81 1
81 2
81 3
81 4
81 5
81 6
81 8
81 11
81 13
81 14
81 15
81 16
81 17
81 19
81 20
81 23
81 24
81 25
81 26
81 28
81 32
81 33
81 34
81 35
81 39
81 40
81 42
81 44
81 46
81 49
81 50
81 51
81 54
81 56
81 57
81 58
81 60
81 61
81 63
81 65
81 67
81 70
81 71
81 73
81 75
81 76
81 77
81 78
81 80
82 2
82 3
82 4
82 7
82 8
82 12
82 14
82 16
82 28
82 29
82 31
82 32
82 33
82 34
82 35
82 37
82 39
82 40
82 41
82 42
82 45
82 47
82 48
82 49
82 50
82 52
82 54
82 57
82 61
82 62
82 63
82 65
82 66
82 70
82 76
82 77
82 78
82 79
82 81
83 3
83 4
83 5
83 6
83 7
83 9
83 10
83 14
83 16
83 18
83 21
83 23
83 26
83 27
83 28
83 29
83 30
83 33
83 35
83 36
83 38
83 39
83 40
83 41
83 42
83 44
83 47
83 48
83 50
83 51
83 53
83 54
83 57
83 58
83 59
83 60
83 62
83 63
83 66
83 67
83 69
83 70
83 71
83 72
83 75
83 76
83 77
83 80
83 81
83 82
84 2
84 3
84 5
84 8
84 10
84 11
84 12
84 14
84 19
84 20
84 22
84 23
84 24
84 25
84 27
84 29
84 30
84 31
84 32
84 33
84 36
84 37
84 38
84 40
84 41
84 42
84 44
84 45
84 46
84 48
84 50
84 52
84 56
84 58
84 60
84 61
84 62
84 65
84 67
84 70
84 71
84 72
84 73
84 74
84 75
84 76
84 77
84 78
84 79
84 80
84 82
85 1
85 3
85 4
85 6
85 11
85 16
85 17
85 18
85 19
85 20
85 21
85 22
85 23
85 24
85 25
85 26
85 28
85 29
85 30
85 32
85 34
85 35
85 36
85 37
85 38
85 39
85 40
85 41
85 42
85 43
85 46
85 47
85 50
85 54
85 56
85 58
85 59
85 62
85 63
85 65
85 66
85 67
85 69
85 71
85 72
85 76
85 77
85 78
85 79
85 80
85 81
85 84
86 2
86 3
86 4
86 5
86 6
86 7
86 8
86 9
86 10
86 11
86 15
86 16
86 17
86 18
86 19
86 20
86 23
86 24
86 25
86 26
86 31
86 32
86 36
86 39
86 40
86 41
86 42
86 43
86 44
86 45
86 46
86 47
86 48
86 49
86 50
86 52
86 53
86 54
86 55
86 56
86 57
86 58
86 59
86 62
86 63
86 64
86 65
86 66
86 68
86 71
86 72
86 73
86 74
86 76
86 78
86 79
86 80
86 83
86 84
87 1
87 7
87 8
87 12
87 13
87 16
87 17
87 19
87 20
87 21
87 22
87 23
87 25
87 26
87 28
87 30
87 32
87 33
87 34
87 35
87 37
87 38
87 39
87 40
87 41
87 45
87 47
87 48
87 49
87 51
87 52
87 54
87 55
87 56
87 57
87 59
87 60
87 62
87 64
87 67
87 70
87 71
87 72
87 73
87 75
87 79
87 80
87 81
87 82
87 84
87 86
88 1
88 3
88 5
88 8
88 9
88 10
88 11
88 14
88 15
88 16
88 17
88 18
88 20
88 21
88 23
88 25
88 26
88 27
88 28
88 30
88 32
88 33
88 35
88 36
88 38
88 39
88 41
88 43
88 44
88 45
88 47
88 48
88 49
88 50
88 54
88 55
88 57
88 58
88 59
88 60
88 61
88 62
88 63
88 66
88 67
88 68
88 69
88 71
88 73
88 76
88 78
88 81
88 83
88 86
89 1
89 3
89 5
89 6
89 7
89 13
89 14
89 16
89 17
89 18
89 21
89 22
89 26
89 28
89 29
89 30
89 31
89 32
89 36
89 38
89 39
89 43
89 44
89 45
89 46
89 47
89 50
89 51
89 54
89 56
89 57
89 58
89 60
89 63
89 68
89 71
89 74
89 75
89 78
89 79
89 80
89 81
89 82
89 83
89 85
89 86
90 2
90 4
90 5
90 7
90 9
90 10
90 14
90 16
90 17
90 18
90 21
90 22
90 23
90 24
90 25
90 26
90 27
90 29
90 34
90 35
90 37
90 40
90 41
90 42
90 44
90 46
90 48
90 50
90 51
90 52
90 57
90 58
90 60
90 64
90 65
90 66
90 67
90 68
90 69
90 70
90 71
90 72
90 75
90 76
90 77
90 78
90 80
90 81
90 82
90 83
90 86
90 87
90 89
91 1
91 2
91 6
91 7
91 8
91 9
91 11
91 13
91 15
91 16
91 17
91 19
91 21
91 22
91 24
91 25
91 26
91 27
91 28
91 29
91 31
91 32
91 33
91 34
91 38
91 39
91 41
91 42
91 44
91 45
91 49
91 50
91 51
91 52
91 54
91 58
91 59
91 60
91 63
91 64
91 66
91 70
91 71
91 73
91 74
91 75
91 76
91 77
91 81
91 82
91 84
91 85
91 86
91 88
91 90
92 1
92 4
92 6
92 7
92 8
92 9
92 10
92 11
92 13
92 14
92 15
92 16
92 17
92 18
92 21
92 22
92 23
92 25
92 26
92 30
92 31
92 32
92 33
92 34
92 35
92 36
92 39
92 40
92 41
92 43
92 45
92 46
92 47
92 48
92 49
92 52
92 53
92 55
92 56
92 57
92 59
92 63
92 64
92 65
92 66
92 67
92 68
92 69
92 71
92 72
92 73
92 74
92 75
92 76
92 77
92 78
92 79
92 81
92 82
92 83
92 84
92 85
92 88
92 89
92 90
92 91
93 3
93 4
93 5
93 8
93 9
93 10
93 14
93 15
93 16
93 17
93 18
93 23
93 25
93 28
93 29
93 32
93 34
93 35
93 36
93 39
93 40
93 42
93 44
93 45
93 47
93 49
93 51
93 54
93 56
93 57
93 58
93 60
93 61
93 62
93 64
93 65
93 66
93 68
93 69
93 70
93 71
93 72
93 73
93 76
93 77
93 82
93 83
93 84
93 85
93 86
93 87
93 88
93 89
93 90
94 1
94 2
94 3
94 4
94 6
94 7
94 8
94 9
94 12
94 13
94 14
94 19
94 20
94 21
94 24
94 25
94 27
94 28
94 29
94 30
94 31
94 33
94 34
94 36
94 37
94 39
94 40
94 42
94 43
94 44
94 47
94 48
94 50
94 51
94 52
94 53
94 54
94 55
94 56
94 58
94 60
94 61
94 63
94 65
94 66
94 67
94 69
94 70
94 73
94 74
94 75
94 76
94 77
94 78
94 79
94 85
94 86
94 87
94 88
94 89
94 90
95 5
95 6
95 9
95 10
95 11
95 12
95 14
95 15
95 16
95 17
95 18
95 19
95 20
95 22
95 23
95 26
95 31
95 33
95 34
95 36
95 37
95 38
95 39
95 40
95 46
95 49
95 50
95 52
95 53
95 54
95 55
95 57
95 60
95 61
95 62
95 63
95 64
95 65
95 69
95 71
95 72
95 74
95 76
95 77
95 79
95 82
95 83
95 86
95 88
95 89
95 92
96 1
96 2
96 4
96 5
96 6
96 7
96 9
96 11
96 17
96 18
96 19
96 21
96 22
96 27
96 30
96 31
96 32
96 34
96 36
96 37
96 40
96 43
96 46
96 47
96 49
96 50
96 56
96 57
96 58
96 59
96 60
96 61
96 64
96 66
96 67
96 68
96 69
96 72
96 76
96 78
96 79
96 80
96 82
96 83
96 85
96 86
96 88
96 89
96 92
97 9
97 12
97 15
97 16
97 17
97 19
97 20
97 23
97 25
97 26
97 28
97 29
97 32
97 34
97 36
97 37
97 38
97 42
97 48
97 49
97 50
97 51
97 52
97 53
97 54
97 58
97 60
97 62
97 66
97 70
97 73
97 76
97 78
97 79
97 80
97 81
97 82
97 84
97 85
97 86
97 88
97 90
97 92
97 94
97 96
98 1
98 2
98 4
98 6
98 7
98 10
98 12
98 13
98 15
98 16
98 25
98 27
98 29
98 30
98 34
98 36
98 37
98 38
98 39
98 40
98 41
98 42
98 46
98 47
98 48
98 50
98 51
98 52
98 54
98 58
98 59
98 61
98 62
98 63
98 64
98 65
98 66
98 67
98 68
98 69
98 73
98 74
98 75
98 76
98 78
98 79
98 81
98 82
98 83
98 84
98 86
98 87
98 88
98 90
98 93
98 94
98 95
98 97
99 5
99 6
99 7
99 9
99 11
99 12
99 19
99 20
99 21
99 22
99 25
99 27
99 30
99 31
99 33
99 34
99 36
99 37
99 38
99 39
99 42
99 43
99 44
99 46
99 47
99 48
99 49
99 50
99 52
99 55
99 58
99 59
99 61
99 63
99 64
99 66
99 68
99 69
99 71
99 74
99 75
99 78
99 79
99 83
99 85
99 87
99 88
99 89
99 92
99 94
99 96
99 97
100 1
100 2
100 3
100 4
100 6
100 8
100 10
100 13
100 14
100 16
100 18
100 20
100 23
100 24
100 27
100 28
100 32
100 33
100 35
100 36
100 37
100 38
100 39
100 40
100 41
100 42
100 44
100 45
100 46
100 48
100 52
100 55
100 56
100 58
100 62
100 65
100 66
100 67
100 69
100 74
100 75
100 78
100 79
100 80
100 83
100 86
100 88
100 90
100 91
100 92
100 93
100 94
100 95
100 96
100 99
101 1
101 3
101 4
101 6
101 7
101 8
101 11
101 12
101 13
101 16
101 17
101 18
101 20
101 21
101 22
101 24
101 26
101 27
101 28
101 29
101 30
101 31
101 32
101 33
101 34
101 36
101 37
101 38
101 39
101 40
101 42
101 44
101 46
101 47
101 48
101 50
101 51
101 52
101 53
101 54
101 56
101 57
101 58
101 59
101 60
101 61
101 62
101 64
101 66
101 68
101 70
101 72
101 73
101 75
101 76
101 77
101 79
101 80
101 82
101 83
101 85
101 86
101 87
101 89
101 91
101 92
101 93
101 95
101 96
101 97
101 100
102 1
102 2
102 3
102 4
102 7
102 8
102 9
102 11
102 12
102 14
102 16
102 17
102 18
102 21
102 22
102 25
102 26
102 28
102 29
102 30
102 31
102 34
102 37
102 39
102 41
102 43
102 45
102 46
102 47
102 48
102 52
102 53
102 55
102 60
102 61
102 63
102 65
102 66
102 67
102 68
102 69
102 71
102 72
102 73
102 74
102 75
102 76
102 78
102 80
102 81
102 84
102 85
102 87
102 88
102 89
102 90
102 93
102 94
102 97
102 101
103 1
103 2
103 6
103 7
103 8
103 9
103 12
103 13
103 14
103 16
103 18
103 19
103 20
103 26
103 27
103 28
103 30
103 32
103 34
103 37
103 38
103 40
103 41
103 42
103 43
103 44
103 46
103 48
103 49
103 52
103 54
103 55
103 56
103 58
103 61
103 62
103 65
103 67
103 68
103 69
103 70
103 71
103 72
103 73
103 76
103 80
103 81
103 82
103 84
103 85
103 87
103 89
103 90
103 91
103 93
103 94
103 95
103 96
103 98
103 99
103 100
104 1
104 2
104 4
104 6
104 7
104 8
104 11
104 12
104 13
104 14
104 17
104 18
104 22
104 25
104 26
104 27
104 28
104 29
104 30
104 31
104 32
104 33
104 34
104 36
104 38
104 39
104 40
104 43
104 45
104 46
104 47
104 50
104 53
104 54
104 55
104 56
104 58
104 60
104 64
104 65
104 66
104 67
104 71
104 72
104 74
104 77
104 83
104 84
104 87
104 89
104 91
104 93
104 95
104 96
104 97
104 98
104 99
104 100
104 102
105 1
105 2
105 3
105 4
105 5
105 6
105 10
105 11
105 13
105 15
105 16
105 18
105 19
105 20
105 22
105 23
105 24
105 28
105 30
105 31
105 32
105 33
105 37
105 39
105 40
105 41
105 45
105 46
105 47
105 48
105 49
105 52
105 53
105 54
105 55
105 56
105 58
105 59
105 60
105 61
105 65
105 66
105 67
105 68
105 72
105 73
105 81
105 84
105 86
105 87
105 88
105 89
105 90
105 94
105 96
105 97
105 98
105 100
105 102
105 103
105 104
106 1
106 2
106 3
106 4
106 7
106 8
106 14
106 15
106 16
106 18
106 20
106 21
106 24
106 25
106 26
106 28
106 30
106 31
106 33
106 35
106 39
106 40
106 42
106 43
106 47
106 48
106 51
106 52
106 55
106 56
106 57
106 58
106 59
106 61
106 63
106 66
106 68
106 70
106 71
106 74
106 75
106 76
106 78
106 79
106 81
106 82
106 83
106 84
106 85
106 86
106 88
106 90
106 91
106 92
106 94
106 95
106 99
106 101
106 102
106 103
106 104
106 105
107 2
107 3
107 7
107 10
107 12
107 15
107 20
107 21
107 22
107 23
107 25
107 26
107 27
107 29
107 30
107 34
107 35
107 37
107 38
107 39
107 42
107 45
107 46
107 47
107 48
107 49
107 50
107 51
107 52
107 53
107 54
107 55
107 57
107 58
107 59
107 60
107 61
107 62
107 64
107 65
107 66
107 67
107 68
107 69
107 70
107 71
107 74
107 75
107 76
107 78
107 79
107 80
107 81
107 85
107 86
107 87
107 88
107 91
107 93
107 94
107 95
107 96
107 97
107 102
107 103
107 106
108 3
108 4
108 5
108 11
108 12
108 13
108 15
108 16
108 20
108 21
108 22
108 23
108 24
108 26
108 28
108 34
108 36
108 37
108 38
108 44
108 46
108 47
108 48
108 50
108 52
108 53
108 54
108 55
108 56
108 57
108 58
108 59
108 60
108 61
108 63
108 67
108 70
108 72
108 73
108 78
108 79
108 81
108 82
108 83
108 84
108 85
108 86
108 87
108 90
108 91
108 93
108 94
108 95
108 96
108 99
108 101
108 102
108 103
108 104
108 105
108 106
108 107
109 1
109 2
109 3
109 6
109 8
109 9
109 10
109 12
109 13
109 14
109 15
109 16
109 17
109 19
109 21
109 23
109 25
109 26
109 27
109 29
109 30
109 31
109 32
109 33
109 35
109 36
109 37
109 38
109 41
109 43
109 44
109 47
109 48
109 51
109 53
109 56
109 59
109 61
109 63
109 65
109 66
109 67
109 69
109 70
109 71
109 72
109 75
109 77
109 78
109 79
109 80
109 81
109 83
109 84
109 85
109 87
109 88
109 90
109 91
109 92
109 93
109 94
109 95
109 96
109 98
109 99
109 101
109 103
109 105
109 106
109 107
110 2
110 6
110 8
110 10
110 11
110 12
110 13
110 14
110 17
110 18
110 19
110 20
110 23
110 25
110 26
110 27
110 28
110 32
110 33
110 37
110 38
110 39
110 43
110 44
110 46
110 47
110 50
110 51
110 52
110 53
110 54
110 55
110 56
110 59
110 60
110 61
110 62
110 63
110 66
110 72
110 74
110 76
110 77
110 79
110 80
110 81
110 82
110 85
110 86
110 87
110 89
110 91
110 94
110 95
110 100
110 101
110 102
110 104
110 106
110 107
110 108
110 109
111 1
111 4
111 5
111 10
111 11
111 13
111 14
111 15
111 16
111 20
111 22
111 24
111 26
111 30
111 32
111 35
111 39
111 41
111 42
111 43
111 46
111 47
111 49
111 50
111 51
111 52
111 53
111 55
111 56
111 59
111 60
111 61
111 62
111 63
111 64
111 65
111 66
111 69
111 70
111 76
111 77
111 79
111 80
111 81
111 82
111 84
111 85
111 86
111 88
111 89
111 90
111 91
111 93
111 95
111 96
111 97
111 99
111 100
111 101
111 104
111 106
111 108
111 109
111 110
112 1
112 3
112 4
112 7
112 10
112 11
112 13
112 14
112 15
112 17
112 18
112 19
112 20
112 21
112 22
112 23
112 25
112 26
112 27
112 28
112 30
112 33
112 34
112 38
112 39
112 41
112 42
112 43
112 46
112 49
112 50
112 53
112 54
112 55
112 56
112 58
112 60
112 61
112 62
112 64
112 66
112 67
112 69
112 70
112 72
112 74
112 76
112 77
112 78
112 79
112 81
112 82
112 84
112 86
112 87
112 88
112 89
112 90
112 92
112 94
112 96
112 98
112 99
112 100
112 103
112 105
112 106
112 107
112 108
112 110
112 111
113 1
113 2
113 4
113 7
113 9
113 10
113 12
113 15
113 17
113 18
113 19
113 20
113 21
113 23
113 24
113 26
113 29
113 30
113 31
113 33
113 34
113 35
113 36
113 37
113 38
113 39
113 44
113 46
113 47
113 48
113 49
113 50
113 53
113 55
113 56
113 57
113 58
113 61
113 62
113 63
113 65
113 66
113 67
113 69
113 70
113 71
113 74
113 77
113 78
113 79
113 81
113 83
113 84
113 87
113 89
113 90
113 91
113 92
113 93
113 94
113 95
113 96
113 97
113 98
113 101
113 102
113 103
113 105
113 106
113 107
113 109
113 110
113 111
114 1
114 2
114 3
114 4
114 5
114 6
114 8
114 10
114 11
114 14
114 15
114 16
114 17
114 18
114 19
114 20
114 21
114 22
114 23
114 24
114 25
114 28
114 30
114 31
114 32
114 36
114 39
114 42
114 43
114 45
114 46
114 48
114 50
114 54
114 55
114 56
114 58
114 59
114 60
114 61
114 63
114 67
114 69
114 70
114 71
114 72
114 75
114 77
114 79
114 80
114 83
114 85
114 86
114 89
114 90
114 92
114 94
114 95
114 97
114 99
114 100
114 101
114 108
114 109
114 110
114 112
115 1
115 4
115 5
115 7
115 8
115 9
115 12
115 14
115 16
115 17
115 20
115 22
115 23
115 26
115 27
115 29
115 32
115 37
115 38
115 39
115 40
115 41
115 42
115 43
115 44
115 45
115 46
115 47
115 48
115 49
115 50
115 51
115 54
115 55
115 57
115 59
115 60
115 61
115 62
115 63
115 65
115 66
115 68
115 69
115 71
115 72
115 75
115 76
115 78
115 79
115 80
115 81
115 82
115 83
115 84
115 87
115 88
115 89
115 91
115 92
115 95
115 96
115 100
115 105
115 106
115 108
115 109
115 113
116 1
116 2
116 3
116 4
116 5
116 6
116 7
116 11
116 13
116 15
116 16
116 17
116 18
116 20
116 25
116 26
116 27
116 28
116 30
116 31
116 33
116 35
116 36
116 38
116 41
116 42
116 43
116 45
116 48
116 49
116 52
116 54
116 55
116 56
116 58
116 59
116 60
116 62
116 63
116 64
116 65
116 66
116 67
116 72
116 73
116 74
116 76
116 77
116 81
116 85
116 87
116 88
116 89
116 90
116 91
116 95
116 97
116 100
116 101
116 103
116 104
116 105
116 106
116 107
116 109
116 110
116 111
116 112
116 113
116 114
117 1
117 2
117 3
117 4
117 5
117 6
117 8
117 11
117 13
117 14
117 15
117 17
117 18
117 19
117 20
117 22
117 25
117 29
117 30
117 31
117 32
117 34
117 36
117 37
117 39
117 41
117 42
117 44
117 45
117 46
117 48
117 50
117 51
117 53
117 54
117 55
117 56
117 57
117 58
117 59
117 60
117 61
117 63
117 64
117 65
117 66
117 67
117 68
117 70
117 71
117 73
117 74
117 75
117 76
117 77
117 78
117 79
117 80
117 81
117 84
117 86
117 87
117 88
117 89
117 90
117 98
117 99
117 100
117 101
117 102
117 103
117 104
117 108
117 109
117 110
117 111
117 112
117 114
117 115
118 1
118 6
118 11
118 12
118 14
118 17
118 18
118 21
118 22
118 24
118 28
118 29
118 30
118 36
118 37
118 38
118 39
118 41
118 43
118 44
118 45
118 51
118 53
118 54
118 55
118 56
118 58
118 59
118 60
118 61
118 64
118 65
118 66
118 68
118 71
118 72
118 75
118 78
118 79
118 81
118 82
118 83
118 84
118 88
118 89
118 90
118 91
118 92
118 93
118 95
118 96
118 97
118 98
118 101
118 103
118 104
118 106
118 108
118 109
118 110
118 111
118 114
118 115
119 1
119 2
119 4
119 5
119 6
119 9
119 10
119 11
119 12
119 14
119 15
119 17
119 19
119 20
119 21
119 27
119 29
119 30
119 33
119 34
119 36
119 37
119 39
119 40
119 41
119 42
119 43
119 44
119 47
119 50
119 51
119 52
119 53
119 56
119 59
119 60
119 61
119 65
119 67
119 68
119 69
119 70
119 72
119 73
119 75
119 80
119 81
119 84
119 86
119 88
119 92
119 93
119 95
119 96
119 97
119 98
119 100
119 101
119 103
119 104
119 105
119 107
119 108
119 109
119 112
119 115
119 116
119 117
120 1
120 2
120 3
120 5
120 6
120 10
120 11
120 13
120 18
120 20
120 21
120 22
120 23
120 25
120 26
120 27
120 31
120 34
120 35
120 36
120 38
120 40
120 41
120 44
120 45
120 46
120 47
120 48
120 50
120 51
120 53
120 56
120 57
120 59
120 60
120 62
120 63
120 69
120 70
120 71
120 73
120 75
120 77
120 79
120 80
120 84
120 85
120 86
120 87
120 88
120 89
120 90
120 91
120 94
120 97
120 98
120 99
120 100
120 102
120 103
120 104
120 105
120 106
120 107
120 109
120 110
120 112
120 114
120 115
120 116
121 3
121 4
121 5
121 7
121 10
121 11
121 12
121 14
121 16
121 17
121 20
121 21
121 23
121 24
121 26
121 28
121 31
121 32
121 34
121 35
121 38
121 41
121 42
121 43
121 44
121 45
121 48
121 49
121 50
121 53
121 54
121 55
121 56
121 57
121 59
121 63
121 65
121 66
121 67
121 70
121 72
121 73
121 75
121 76
121 79
121 80
121 81
121 82
121 83
121 85
121 86
121 89
121 90
121 92
121 93
121 95
121 96
121 97
121 98
121 99
121 100
121 101
121 102
121 109
121 110
121 111
121 113
121 114
121 117
122 2
122 4
122 5
122 7
122 9
122 11
122 15
122 16
122 17
122 18
122 19
122 20
122 21
122 22
122 24
122 25
122 28
122 29
122 30
122 32
122 33
122 34
122 35
122 36
122 37
122 38
122 39
122 41
122 42
122 44
122 45
122 49
122 51
122 52
122 53
122 58
122 60
122 61
122 63
122 65
122 66
122 67
122 68
122 69
122 71
122 72
122 73
122 79
122 80
122 82
122 83
122 84
122 85
122 86
122 88
122 89
122 90
122 91
122 93
122 94
122 96
122 97
122 101
122 102
122 103
122 104
122 105
122 106
122 107
122 112
122 113
122 114
122 115
122 117
122 121
123 2
123 3
123 8
123 9
123 11
123 12
123 14
123 16
123 19
123 21
123 22
123 23
123 24
123 25
123 26
123 27
123 28
123 29
123 30
123 31
123 33
123 34
123 36
123 37
123 38
123 39
123 43
123 44
123 45
123 47
123 48
123 49
123 51
123 53
123 54
123 55
123 56
123 57
123 60
123 62
123 63
123 64
123 65
123 66
123 69
123 70
123 71
123 74
123 75
123 76
123 77
123 78
123 79
123 81
123 82
123 84
123 85
123 86
123 87
123 88
123 90
123 91
123 92
123 93
123 94
123 98
123 99
123 100
123 102
123 105
123 106
123 107
123 110
123 112
123 114
123 115
123 118
123 119
123 120
123 121
123 122
124 1
124 3
124 4
124 5
124 6
124 8
124 9
124 10
124 11
124 13
124 14
124 15
124 16
124 18
124 19
124 20
124 25
124 27
124 28
124 29
124 31
124 32
124 38
124 39
124 40
124 43
124 44
124 45
124 46
124 51
124 52
124 55
124 56
124 57
124 62
124 63
124 66
124 67
124 71
124 74
124 79
124 80
124 83
124 84
124 85
124 87
124 88
124 90
124 92
124 93
124 94
124 95
124 96
124 97
124 99
124 100
124 102
124 103
124 104
124 105
124 106
124 107
124 108
124 112
124 116
124 119
124 120
124 121
125 1
125 2
125 3
125 5
125 6
125 7
125 8
125 9
125 11
125 12
125 14
125 15
125 16
125 17
125 18
125 21
125 22
125 23
125 25
125 26
125 27
125 28
125 29
125 30
125 35
125 36
125 37
125 39
125 41
125 44
125 45
125 47
125 49
125 50
125 51
125 55
125 56
125 57
125 59
125 60
125 61
125 62
125 63
125 64
125 66
125 67
125 68
125 69
125 72
125 75
125 78
125 80
125 81
125 82
125 84
125 88
125 89
125 90
125 91
125 93
125 96
125 97
125 98
125 99
125 100
125 101
125 102
125 103
125 106
125 107
125 108
125 109
125 111
125 112
125 114
125 115
125 117
125 121
125 122
125 123
125 124
126 1
126 2
126 4
126 5
126 7
126 9
126 10
126 11
126 15
126 16
126 18
126 19
126 20
126 22
126 24
126 25
126 26
126 27
126 29
126 30
126 31
126 32
126 33
126 36
126 38
126 39
126 41
126 43
126 45
126 46
126 47
126 48
126 53
126 55
126 57
126 59
126 60
126 61
126 62
126 65
126 66
126 67
126 68
126 70
126 71
126 74
126 76
126 78
126 82
126 83
126 85
126 86
126 87
126 88
126 91
126 93
126 94
126 96
126 97
126 101
126 103
126 104
126 105
126 106
126 109
126 110
126 112
126 114
126 115
126 119
126 120
126 121
126 123
126 125
127 1
127 3
127 4
127 5
127 6
127 7
127 9
127 10
127 11
127 13
127 15
127 16
127 17
127 18
127 19
127 20
127 21
127 22
127 23
127 24
127 25
127 27
127 29
127 30
127 31
127 32
127 34
127 35
127 37
127 40
127 42
127 43
127 44
127 45
127 47
127 48
127 50
127 51
127 52
127 54
127 56
127 58
127 60
127 61
127 62
127 64
127 65
127 69
127 71
127 76
127 77
127 79
127 80
127 81
127 82
127 83
127 84
127 85
127 86
127 87
127 88
127 90
127 91
127 92
127 93
127 98
127 99
127 101
127 103
127 105
127 106
127 107
127 109
127 111
127 113
127 114
127 116
127 118
127 119
127 120
127 122
127 124
127 125
127 126
128 1
128 2
128 3
128 4
128 5
128 8
128 12
128 13
128 16
128 17
128 18
128 20
128 21
128 23
128 25
128 26
128 28
128 30
128 32
128 34
128 36
128 38
128 39
128 40
128 41
128 42
128 43
128 45
128 46
128 47
128 49
128 53
128 54
128 57
128 58
128 59
128 60
128 61
128 66
128 71
128 72
128 73
128 74
128 75
128 76
128 78
128 81
128 85
128 86
128 87
128 88
128 89
128 92
128 93
128 94
128 95
128 96
128 98
128 102
128 103
128 104
128 105
128 106
128 107
128 108
128 110
128 111
128 113
128 115
128 116
128 117
128 119
128 120
128 121
128 125
128 127
129 1
129 2
129 4
129 5
129 7
129 9
129 10
129 12
129 14
129 15
129 17
129 19
129 20
129 21
129 22
129 23
129 24
129 26
129 27
129 28
129 29
129 32
129 33
129 34
129 35
129 36
129 37
129 41
129 42
129 43
129 44
129 47
129 48
129 51
129 52
129 53
129 58
129 59
129 60
129 62
129 63
129 64
129 67
129 68
129 72
129 73
129 74
129 76
129 77
129 80
129 81
129 82
129 83
129 84
129 89
129 91
129 92
129 95
129 96
129 97
129 100
129 101
129 103
129 104
129 105
129 106
129 107
129 108
129 111
129 112
129 115
129 117
129 118
129 120
129 123
129 125
129 126
129 127
129 128
130 3
130 4
130 6
130 8
130 9
130 10
130 12
130 13
130 14
130 16
130 17
130 18
130 19
130 20
130 21
130 23
130 24
130 26
130 28
130 29
130 31
130 32
130 34
130 36
130 38
130 42
130 45
130 49
130 53
130 55
130 56
130 57
130 58
130 59
130 64
130 66
130 67
130 68
130 69
130 70
130 71
130 72
130 74
130 75
130 76
130 77
130 80
130 81
130 84
130 85
130 87
130 88
130 90
130 91
130 92
130 96
130 97
130 98
130 100
130 102
130 104
130 105
130 106
130 110
130 111
130 114
130 115
130 118
130 119
130 121
130 123
130 124
130 125
130 127
130 128
131 3
131 5
131 7
131 8
131 11
131 12
131 13
131 14
131 15
131 16
131 18
131 20
131 23
131 24
131 27
131 28
131 29
131 30
131 31
131 35
131 37
131 40
131 42
131 43
131 44
131 45
131 47
131 48
131 49
131 51
131 52
131 55
131 58
131 59
131 60
131 61
131 63
131 65
131 67
131 70
131 71
131 72
131 73
131 75
131 76
131 77
131 79
131 84
131 86
131 87
131 88
131 89
131 92
131 94
131 95
131 96
131 98
131 99
131 100
131 101
131 102
131 104
131 105
131 106
131 108
131 110
131 111
131 112
131 113
131 115
131 119
131 120
131 122
131 123
131 124
131 125
131 126
131 128
131 130
132 4
132 5
132 6
132 7
132 10
132 12
132 15
132 16
132 17
132 19
132 20
132 21
132 23
132 24
132 27
132 28
132 31
132 32
132 33
132 34
132 36
132 39
132 40
132 41
132 44
132 46
132 47
132 51
132 52
132 53
132 56
132 57
132 59
132 61
132 63
132 64
132 65
132 66
132 69
132 70
132 71
132 72
132 73
132 74
132 79
132 80
132 81
132 85
132 87
132 92
132 94
132 95
132 98
132 101
132 102
132 103
132 106
132 107
132 108
132 111
132 112
132 113
132 115
132 116
132 117
132 118
132 120
132 121
132 123
132 125
132 130
132 131
133 3
133 7
133 8
133 11
133 12
133 13
133 15
133 16
133 21
133 23
133 28
133 29
133 33
133 34
133 35
133 39
133 42
133 43
133 47
133 48
133 49
133 50
133 51
133 57
133 60
133 61
133 64
133 66
133 69
133 70
133 71
133 72
133 73
133 76
133 78
133 79
133 80
133 81
133 83
133 85
133 86
133 91
133 92
133 95
133 96
133 97
133 98
133 99
133 100
133 101
133 102
133 103
133 104
133 105
133 106
133 110
133 111
133 112
133 114
133 115
133 116
133 117
133 119
133 120
133 122
133 124
133 126
133 127
133 128
133 129
133 130
133 132
134 1
134 2
134 3
134 6
134 7
134 9
134 10
134 13
134 14
134 15
134 16
134 17
134 19
134 21
134 22
134 25
134 26
134 27
134 28
134 29
134 31
134 33
134 34
134 37
134 40
134 41
134 42
134 43
134 48
134 49
134 50
134 56
134 58
134 59
134 61
134 64
134 65
134 66
134 68
134 69
134 73
134 74
134 75
134 76
134 78
134 79
134 80
134 82
134 83
134 87
134 88
134 89
134 91
134 92
134 93
134 94
134 98
134 99
134 101
134 102
134 103
134 104
134 105
134 107
134 108
134 109
134 110
134 112
134 116
134 118
134 121
134 122
134 123
134 125
134 129
134 131
134 132
134 133
135 5
135 6
135 9
135 10
135 12
135 13
135 16
135 17
135 18
135 19
135 21
135 23
135 24
135 25
135 27
135 28
135 29
135 30
135 31
135 32
135 33
135 34
135 35
135 36
135 38
135 39
135 41
135 42
135 43
135 45
135 47
135 49
135 51
135 54
135 56
135 57
135 58
135 59
135 60
135 65
135 67
135 69
135 73
135 75
135 76
135 78
135 79
135 80
135 81
135 82
135 83
135 86
135 88
135 89
135 90
135 92
135 93
135 94
135 95
135 96
135 97
135 99
135 103
135 107
135 109
135 111
135 112
135 113
135 115
135 120
135 121
135 123
135 124
135 125
135 128
135 129
135 132
135 134
136 1
136 2
136 6
136 8
136 9
136 10
136 11
136 14
136 15
136 16
136 18
136 21
136 22
136 24
136 25
136 26
136 27
136 28
136 30
136 31
136 32
136 33
136 34
136 40
136 42
136 43
136 44
136 45
136 46
136 48
136 49
136 51
136 55
136 56
136 57
136 59
136 60
136 61
136 63
136 66
136 67
136 68
136 69
136 70
136 71
136 75
136 76
136 78
136 80
136 81
136 83
136 84
136 85
136 92
136 93
136 94
136 96
136 97
136 98
136 102
136 104
136 106
136 107
136 111
136 114
136 116
136 117
136 118
136 120
136 121
136 123
136 124
136 125
136 126
136 127
136 128
136 130
136 131
136 133
136 134
137 3
137 8
137 11
137 12
137 13
137 14
137 15
137 16
137 17
137 19
137 21
137 24
137 27
137 29
137 30
137 32
137 33
137 34
137 35
137 36
137 42
137 43
137 44
137 46
137 47
137 49
137 52
137 53
137 55
137 56
137 58
137 59
137 60
137 61
137 62
137 64
137 65
137 66
137 67
137 68
137 69
137 70
137 72
137 73
137 75
137 76
137 77
137 78
137 81
137 83
137 84
137 85
137 89
137 90
137 91
137 92
137 93
137 94
137 96
137 98
137 99
137 100
137 101
137 102
137 104
137 105
137 109
137 111
137 112
137 113
137 117
137 118
137 121
137 123
137 124
137 125
137 126
137 128
137 132
137 136
138 1
138 2
138 3
138 4
138 5
138 7
138 10
138 13
138 16
138 17
138 18
138 19
138 20
138 21
138 22
138 23
138 24
138 25
138 26
138 27
138 28
138 30
138 31
138 34
138 35
138 37
138 38
138 41
138 42
138 43
138 44
138 45
138 49
138 50
138 51
138 53
138 54
138 55
138 58
138 60
138 62
138 63
138 64
138 66
138 67
138 68
138 69
138 71
138 72
138 73
138 74
138 76
138 77
138 78
138 80
138 81
138 82
138 84
138 85
138 89
138 90
138 91
138 92
138 94
138 95
138 98
138 99
138 100
138 102
138 104
138 105
138 106
138 107
138 108
138 109
138 110
138 112
138 113
138 116
138 119
138 120
138 121
138 122
138 123
138 124
138 125
138 128
138 130
138 132
138 133
138 135
139 1
139 2
139 4
139 5
139 8
139 9
139 11
139 13
139 14
139 18
139 19
139 20
139 21
139 22
139 25
139 27
139 31
139 34
139 35
139 37
139 38
139 40
139 41
139 43
139 45
139 46
139 47
139 50
139 51
139 52
139 53
139 54
139 55
139 56
139 58
139 60
139 61
139 62
139 63
139 64
139 65
139 68
139 69
139 70
139 72
139 73
139 74
139 75
139 76
139 77
139 79
139 80
139 81
139 85
139 87
139 91
139 92
139 93
139 94
139 95
139 96
139 97
139 98
139 99
139 100
139 101
139 102
139 104
139 105
139 106
139 107
139 108
139 111
139 114
139 115
139 117
139 121
139 123
139 124
139 125
139 126
139 127
139 128
139 130
139 132
139 133
139 135
139 136
139 138
140 2
140 3
140 4
140 5
140 6
140 8
140 10
140 11
140 12
140 13
140 15
140 18
140 19
140 20
140 22
140 24
140 25
140 26
140 28
140 30
140 31
140 33
140 34
140 35
140 36
140 38
140 39
140 40
140 42
140 43
140 44
140 45
140 46
140 47
140 49
140 50
140 51
140 52
140 53
140 54
140 55
140 56
140 58
140 59
140 60
140 61
140 63
140 65
140 66
140 67
140 69
140 71
140 72
140 74
140 75
140 77
140 78
140 82
140 85
140 86
140 87
140 90
140 91
140 92
140 95
140 96
140 97
140 98
140 99
140 100
140 101
140 103
140 105
140 107
140 108
140 109
140 110
140 111
140 113
140 114
140 116
140 118
140 119
140 121
140 122
140 123
140 124
140 125
140 126
140 128
140 129
140 130
140 134
140 135
140 138
140 139
141 2
141 4
141 5
141 6
141 9
141 10
141 11
141 12
141 13
141 16
141 19
141 20
141 21
141 22
141 25
141 26
141 28
141 31
141 33
141 34
141 36
141 37
141 40
141 41
141 44
141 46
141 49
141 50
141 51
141 52
141 56
141 59
141 61
141 63
141 65
141 66
141 67
141 68
141 69
141 70
141 71
141 72
141 73
141 75
141 77
141 78
141 80
141 81
141 83
141 86
141 87
141 91
141 92
141 94
141 97
141 98
141 99
141 102
141 104
141 105
141 106
141 108
141 109
141 110
141 113
141 114
141 115
141 116
141 117
141 118
141 119
141 120
141 121
141 124
141 127
141 128
141 129
141 130
141 133
141 134
141 135
141 136
141 138
141 139
141 140
142 2
142 4
142 6
142 8
142 9
142 10
142 11
142 12
142 13
142 15
142 16
142 18
142 20
142 21
142 22
142 23
142 25
142 26
142 28
142 29
142 30
142 31
142 32
142 33
142 34
142 35
142 37
142 39
142 40
142 41
142 45
142 47
142 48
142 49
142 53
142 54
142 55
142 56
142 57
142 58
142 63
142 64
142 65
142 66
142 68
142 69
142 70
142 71
142 76
142 80
142 82
142 83
142 84
142 87
142 88
142 89
142 91
142 92
142 94
142 99
142 100
142 101
142 102
142 104
142 105
142 107
142 108
142 109
142 110
142 111
142 112
142 113
142 114
142 115
142 116
142 117
142 119
142 120
142 122
142 123
142 125
142 126
142 127
142 128
142 130
142 131
142 133
142 134
142 136
142 138
142 139
142 140
142 141
143 2
143 6
143 7
143 11
143 12
143 14
143 15
143 16
143 19
143 20
143 24
143 25
143 26
143 27
143 28
143 29
143 30
143 31
143 32
143 33
143 36
143 37
143 39
143 42
143 46
143 47
143 50
143 53
143 55
143 56
143 57
143 59
143 60
143 61
143 62
143 64
143 65
143 67
143 68
143 71
143 73
143 76
143 77
143 78
143 80
143 81
143 84
143 85
143 86
143 87
143 88
143 89
143 90
143 91
143 93
143 95
143 103
143 104
143 105
143 106
143 107
143 108
143 109
143 110
143 113
143 114
143 115
143 119
143 120
143 121
143 122
143 123
143 125
143 127
143 128
143 129
143 130
143 132
143 134
143 135
143 136
143 138
143 139
143 141
144 1
144 2
144 3
144 6
144 7
144 8
144 9
144 10
144 12
144 14
144 15
144 16
144 17
144 18
144 19
144 21
144 22
144 25
144 27
144 28
144 29
144 31
144 33
144 35
144 36
144 38
144 39
144 44
144 45
144 46
144 50
144 52
144 55
144 56
144 57
144 58
144 59
144 60
144 61
144 63
144 64
144 65
144 68
144 69
144 70
144 72
144 75
144 78
144 80
144 81
144 84
144 86
144 89
144 92
144 94
144 95
144 97
144 98
144 99
144 102
144 103
144 104
144 105
144 107
144 109
144 110
144 112
144 114
144 116
144 117
144 118
144 120
144 124
144 125
144 126
144 128
144 130
144 132
144 133
144 134
144 135
144 137
144 139
144 143
145 2
145 3
145 4
145 7
145 8
145 9
145 10
145 11
145 13
145 15
145 17
145 18
145 20
145 21
145 22
145 24
145 26
145 28
145 29
145 31
145 33
145 34
145 35
145 37
145 38
145 39
145 40
145 42
145 48
145 50
145 51
145 52
145 56
145 57
145 58
145 59
145 61
145 62
145 66
145 68
145 71
145 72
145 73
145 74
145 75
145 77
145 78
145 80
145 81
145 82
145 83
145 85
145 86
145 87
145 89
145 90
145 91
145 93
145 94
145 95
145 96
145 98
145 99
145 101
145 103
145 108
145 111
145 112
145 113
145 116
145 119
145 120
145 124
145 126
145 129
145 130
145 132
145 134
145 135
145 137
145 138
145 140
145 141
145 143
145 144
146 2
146 3
146 5
146 7
146 10
146 11
146 12
146 14
146 15
146 17
146 18
146 20
146 22
146 23
146 24
146 25
146 26
146 28
146 29
146 30
146 31
146 32
146 35
146 37
146 38
146 39
146 40
146 42
146 46
146 47
146 49
146 50
146 51
146 52
146 53
146 54
146 57
146 58
146 59
146 61
146 63
146 64
146 65
146 66
146 67
146 71
146 74
146 75
146 77
146 78
146 80
146 81
146 82
146 83
146 85
146 86
146 92
146 94
146 95
146 96
146 98
146 101
146 102
146 103
146 104
146 105
146 106
146 107
146 108
146 109
146 112
146 114
146 115
146 116
146 117
146 119
146 120
146 122
146 123
146 124
146 125
146 126
146 127
146 128
146 129
146 130
146 132
146 133
146 134
146 136
146 137
146 141
146 142
146 143
147 4
147 5
147 6
147 8
147 10
147 12
147 14
147 16
147 18
147 19
147 20
147 23
147 24
147 25
147 29
147 30
147 31
147 32
147 33
147 34
147 38
147 39
147 41
147 42
147 45
147 46
147 47
147 48
147 50
147 51
147 53
147 54
147 57
147 58
147 59
147 60
147 61
147 63
147 64
147 65
147 66
147 67
147 68
147 73
147 74
147 75
147 76
147 77
147 80
147 81
147 82
147 83
147 85
147 86
147 87
147 88
147 90
147 91
147 93
147 96
147 97
147 101
147 102
147 103
147 105
147 106
147 107
147 108
147 110
147 111
147 112
147 113
147 114
147 115
147 116
147 117
147 118
147 120
147 122
147 124
147 125
147 128
147 129
147 130
147 131
147 132
147 133
147 135
147 136
147 142
147 145
147 146
148 1
148 4
148 6
148 7
148 8
148 9
148 10
148 11
148 12
148 13
148 16
148 17
148 18
148 19
148 20
148 21
148 22
148 23
148 24
148 25
148 26
148 27
148 28
148 29
148 31
148 34
148 37
148 38
148 40
148 41
148 42
148 44
148 45
148 46
148 50
148 51
148 52
148 54
148 56
148 57
148 59
148 60
148 64
148 68
148 73
148 74
148 75
148 76
148 78
148 79
148 81
148 82
148 84
148 85
148 86
148 87
148 88
148 89
148 90
148 91
148 93
148 94
148 95
148 96
148 99
148 100
148 101
148 102
148 103
148 108
148 111
148 112
148 114
148 116
148 119
148 120
148 121
148 126
148 130
148 131
148 133
148 135
148 136
148 137
148 140
148 142
148 143
148 144
148 145
148 146
148 147
149 1
149 2
149 3
149 5
149 7
149 8
149 9
149 11
149 13
149 15
149 22
149 24
149 26
149 27
149 28
149 29
149 31
149 32
149 39
149 41
149 42
149 45
149 46
149 47
149 48
149 49
149 50
149 53
149 54
149 56
149 58
149 59
149 60
149 65
149 66
149 68
149 70
149 72
149 73
149 77
149 78
149 80
149 81
149 83
149 84
149 85
149 87
149 88
149 89
149 90
149 92
149 93
149 94
149 97
149 105
149 109
149 112
149 113
149 115
149 118
149 119
149 123
149 124
149 125
149 132
149 133
149 135
149 136
149 137
149 138
149 140
149 141
149 142
149 144
149 145
149 146
149 148
150 1
150 3
150 5
150 7
150 8
150 9
150 10
150 11
150 13
150 14
150 15
150 18
150 20
150 21
150 22
150 23
150 24
150 25
150 26
150 28
150 29
150 30
150 31
150 33
150 40
150 42
150 43
150 45
150 48
150 49
150 51
150 57
150 58
150 60
150 61
150 64
150 68
150 69
150 72
150 74
150 75
150 76
150 77
150 79
150 80
150 81
150 83
150 84
150 89
150 95
150 96
150 100
150 102
150 103
150 104
150 105
150 106
150 108
150 109
150 110
150 112
150 113
150 115
150 118
150 120
150 122
150 123
150 124
150 125
150 126
150 128
150 129
150 131
150 135
150 136
150 138
150 141
150 142
150 143
150 144
150 145
150 147
150 148
151 2
151 5
151 6
151 7
151 8
151 9
151 10
151 11
151 12
151 16
151 17
151 18
151 21
151 24
151 25
151 26
151 27
151 28
151 30
151 33
151 34
151 35
151 36
151 38
151 39
151 40
151 41
151 42
151 43
151 44
151 45
151 46
151 48
151 49
151 50
151 51
151 53
151 55
151 56
151 57
151 58
151 61
151 62
151 63
151 64
151 68
151 72
151 73
151 74
151 75
151 76
151 77
151 79
151 80
151 81
151 83
151 85
151 86
151 88
151 89
151 90
151 91
151 92
151 95
151 96
151 98
151 99
151 100
151 103
151 104
151 106
151 107
151 109
151 111
151 113
151 115
151 117
151 119
151 120
151 121
151 125
151 126
151 127
151 129
151 130
151 131
151 132
151 133
151 134
151 135
151 140
151 141
151 142
151 144
151 147
151 148
151 149
152 4
152 5
152 6
152 7
152 9
152 11
152 13
152 15
152 17
152 18
152 19
152 21
152 25
152 26
152 27
152 28
152 30
152 32
152 33
152 36
152 37
152 38
152 39
152 40
152 42
152 45
152 48
152 49
152 51
152 52
152 54
152 56
152 60
152 63
152 64
152 65
152 67
152 72
152 73
152 74
152 75
152 76
152 77
152 80
152 82
152 83
152 84
152 86
152 87
152 88
152 90
152 91
152 94
152 96
152 97
152 98
152 101
152 103
152 105
152 106
152 107
152 108
152 110
152 111
152 113
152 115
152 116
152 117
152 120
152 121
152 122
152 124
152 125
152 128
152 129
152 130
152 131
152 133
152 134
152 136
152 137
152 140
152 142
152 144
152 145
152 146
152 147
152 148
152 150
152 151
153 1
153 2
153 3
153 4
153 5
153 6
153 7
153 9
153 12
153 15
153 19
153 20
153 21
153 22
153 23
153 25
153 26
153 27
153 28
153 29
153 31
153 32
153 33
153 34
153 36
153 37
153 39
153 43
153 44
153 46
153 47
153 48
153 51
153 52
153 55
153 56
153 57
153 60
153 61
153 62
153 63
153 64
153 65
153 69
153 70
153 72
153 74
153 75
153 77
153 79
153 80
153 83
153 84
153 85
153 86
153 87
153 89
153 94
153 95
153 96
153 97
153 99
153 100
153 101
153 104
153 105
153 106
153 109
153 110
153 111
153 114
153 115
153 116
153 118
153 119
153 120
153 121
153 122
153 124
153 125
153 126
153 127
153 128
153 129
153 131
153 133
153 136
153 137
153 139
153 140
153 141
153 142
153 143
153 144
153 145
153 147
153 148
153 149
153 150
153 151
154 5
154 6
154 8
154 9
154 10
154 11
154 14
154 15
154 16
154 17
154 19
154 20
154 22
154 23
154 24
154 25
154 26
154 28
154 30
154 33
154 36
154 38
154 39
154 40
154 41
154 42
154 47
154 48
154 50
154 51
154 52
154 53
154 54
154 56
154 58
154 59
154 60
154 62
154 63
154 67
154 69
154 71
154 72
154 73
154 74
154 75
154 77
154 78
154 82
154 83
154 86
154 87
154 89
154 93
154 94
154 95
154 96
154 97
154 98
154 100
154 101
154 102
154 103
154 105
154 106
154 107
154 110
154 112
154 113
154 114
154 115
154 116
154 117
154 118
154 119
154 120
154 121
154 122
154 123
154 124
154 125
154 127
154 128
154 129
154 130
154 131
154 133
154 135
154 137
154 138
154 142
154 143
154 144
154 145
154 149
154 151
154 152
155 1
155 2
155 3
155 4
155 5
155 6
155 7
155 9
155 10
155 11
155 12
155 16
155 17
155 18
155 20
155 21
155 23
155 24
155 25
155 26
155 27
155 28
155 29
155 31
155 32
155 35
155 36
155 37
155 38
155 40
155 41
155 42
155 44
155 45
155 46
155 48
155 49
155 50
155 51
155 53
155 54
155 55
155 58
155 60
155 62
155 63
155 71
155 72
155 73
155 77
155 78
155 81
155 82
155 83
155 87
155 90
155 91
155 93
155 95
155 96
155 99
155 100
155 102
155 104
155 105
155 106
155 107
155 108
155 109
155 112
155 113
155 114
155 116
155 117
155 120
155 121
155 122
155 126
155 128
155 129
155 130
155 132
155 133
155 135
155 136
155 137
155 138
155 139
155 141
155 142
155 144
155 148
155 149
155 150
155 151
155 153
155 154
156 2
156 3
156 4
156 5
156 7
156 9
156 11
156 12
156 14
156 15
156 17
156 19
156 20
156 21
156 24
156 25
156 26
156 27
156 33
156 34
156 36
156 39
156 41
156 43
156 44
156 45
156 46
156 47
156 49
156 50
156 53
156 55
156 56
156 57
156 58
156 59
156 60
156 61
156 63
156 66
156 67
156 68
156 69
156 70
156 71
156 74
156 75
156 78
156 80
156 81
156 83
156 85
156 86
156 91
156 92
156 93
156 94
156 95
156 96
156 97
156 101
156 102
156 104
156 105
156 107
156 108
156 112
156 113
156 115
156 116
156 117
156 120
156 121
156 122
156 123
156 124
156 125
156 126
156 127
156 130
156 132
156 133
156 134
156 135
156 137
156 139
156 140
156 144
156 147
156 149
156 150
156 152
156 153
156 154
156 155
157 7
157 9
157 11
157 12
157 14
157 15
157 16
157 19
157 20
157 21
157 22
157 23
157 24
157 26
157 29
157 31
157 33
157 34
157 35
157 36
157 37
157 39
157 40
157 41
157 43
157 44
157 45
157 47
157 48
157 49
157 51
157 54
157 59
157 61
157 63
157 65
157 67
157 68
157 69
157 70
157 73
157 74
157 76
157 77
157 78
157 79
157 83
157 84
157 85
157 86
157 87
157 88
157 92
157 94
157 95
157 96
157 97
157 99
157 100
157 102
157 106
157 110
157 113
157 114
157 115
157 116
157 117
157 119
157 120
157 122
157 123
157 125
157 126
157 128
157 130
157 131
157 134
157 136
157 139
157 140
157 141
157 143
157 147
157 148
157 151
157 156
158 5
158 10
158 11
158 12
158 13
158 14
158 15
158 16
158 18
158 19
158 21
158 22
158 23
158 24
158 26
158 27
158 28
158 29
158 30
158 31
158 34
158 36
158 38
158 40
158 44
158 47
158 48
158 49
158 52
158 53
158 54
158 57
158 58
158 59
158 61
158 62
158 63
158 66
158 67
158 68
158 72
158 73
158 76
158 77
158 81
158 84
158 87
158 88
158 92
158 93
158 97
158 98
158 99
158 100
158 101
158 104
158 106
158 107
158 111
158 112
158 115
158 116
158 118
158 120
158 121
158 123
158 126
158 127
158 130
158 132
158 134
158 141
158 142
158 144
158 145
158 146
158 150
158 156
159 3
159 6
159 7
159 8
159 9
159 12
159 13
159 14
159 17
159 18
159 19
159 20
159 21
159 22
159 23
159 24
159 25
159 27
159 28
159 29
159 32
159 34
159 35
159 36
159 37
159 41
159 42
159 43
159 48
159 49
159 52
159 56
159 58
159 59
159 60
159 62
159 63
159 64
159 65
159 69
159 70
159 75
159 78
159 81
159 83
159 84
159 85
159 86
159 88
159 90
159 93
159 95
159 98
159 102
159 103
159 105
159 106
159 107
159 108
159 109
159 110
159 112
159 115
159 116
159 117
159 118
159 121
159 122
159 124
159 125
159 126
159 127
159 129
159 132
159 133
159 134
159 137
159 141
159 143
159 146
159 147
159 149
159 150
159 152
159 153
159 154
159 155
160 1
160 4
160 6
160 7
160 9
160 10
160 11
160 12
160 14
160 16
160 18
160 21
160 22
160 23
160 24
160 25
160 27
160 28
160 30
160 31
160 32
160 36
160 37
160 44
160 45
160 47
160 48
160 49
160 54
160 56
160 61
160 62
160 63
160 64
160 67
160 68
160 69
160 71
160 74
160 75
160 76
160 77
160 78
160 79
160 80
160 81
160 82
160 83
160 85
160 86
160 88
160 90
160 91
160 92
160 93
160 94
160 96
160 98
160 100
160 103
160 104
160 106
160 110
160 111
160 112
160 113
160 115
160 117
160 118
160 119
160 122
160 124
160 125
160 126
160 129
160 130
160 131
160 132
160 133
160 134
160 135
160 136
160 138
160 141
160 142
160 145
160 146
160 148
160 149
160 151
160 152
160 153
160 154
160 155
160 158
160 159
161 2
161 5
161 6
161 7
161 9
161 10
161 11
161 13
161 14
161 16
161 19
161 21
161 23
161 24
161 25
161 26
161 27
161 29
161 33
161 36
161 37
161 38
161 39
161 40
161 42
161 47
161 48
161 50
161 51
161 53
161 54
161 56
161 57
161 58
161 59
161 60
161 62
161 65
161 67
161 68
161 71
161 72
161 73
161 74
161 75
161 76
161 77
161 81
161 82
161 85
161 86
161 89
161 90
161 92
161 93
161 94
161 95
161 98
161 100
161 101
161 102
161 106
161 107
161 108
161 110
161 111
161 113
161 115
161 117
161 119
161 120
161 122
161 124
161 127
161 129
161 130
161 131
161 132
161 133
161 135
161 136
161 138
161 139
161 141
161 144
161 145
161 148
161 150
161 153
161 154
161 155
161 156
161 157
161 159
161 160
162 3
162 4
162 6
162 7
162 8
162 9
162 10
162 11
162 12
162 13
162 14
162 15
162 16
162 18
162 19
162 23
162 24
162 26
162 27
162 28
162 31
162 32
162 33
162 34
162 35
162 38
162 39
162 43
162 45
162 46
162 47
162 54
162 56
162 58
162 60
162 61
162 62
162 64
162 65
162 68
162 69
162 70
162 72
162 73
162 74
162 75
162 76
162 78
162 81
162 83
162 84
162 86
162 87
162 88
162 89
162 90
162 92
162 93
162 98
162 103
162 104
162 106
162 107
162 108
162 111
162 112
162 115
162 116
162 117
162 120
162 123
162 124
162 126
162 127
162 128
162 129
162 131
162 132
162 134
162 135
162 136
162 138
162 139
162 141
162 142
162 144
162 145
162 147
162 148
162 149
162 150
162 152
162 153
162 154
162 155
162 156
162 157
162 158
162 159
162 161
163 1
163 6
163 7
163 8
163 11
163 14
163 17
163 18
163 19
163 20
163 21
163 22
163 23
163 24
163 25
163 26
163 27
163 28
163 29
163 30
163 31
163 33
163 34
163 37
163 39
163 42
163 43
163 44
163 45
163 46
163 47
163 48
163 49
163 50
163 52
163 57
163 59
163 60
163 61
163 64
163 68
163 70
163 72
163 74
163 75
163 77
163 78
163 79
163 82
163 84
163 86
163 89
163 90
163 95
163 96
163 99
163 100
163 101
163 102
163 104
163 108
163 109
163 110
163 111
163 112
163 113
163 114
163 116
163 118
163 120
163 123
163 126
163 127
163 128
163 129
163 133
163 134
163 136
163 137
163 140
163 141
163 143
163 144
163 145
163 146
163 147
163 149
163 150
163 151
163 152
163 153
163 154
163 156
163 157
163 158
163 159
163 160
163 162
164 2
164 3
164 4
164 5
164 6
164 9
164 11
164 12
164 13
164 14
164 16
164 19
164 20
164 25
164 27
164 29
164 30
164 33
164 34
164 35
164 37
164 38
164 40
164 41
164 43
164 45
164 47
164 48
164 49
164 51
164 52
164 54
164 56
164 62
164 67
164 72
164 74
164 75
164 76
164 77
164 79
164 82
164 84
164 85
164 88
164 89
164 90
164 91
164 92
164 93
164 95
164 98
164 99
164 101
164 102
164 103
164 106
164 107
164 109
164 111
164 112
164 113
164 114
164 116
164 117
164 120
164 121
164 124
164 127
164 128
164 130
164 131
164 132
164 133
164 134
164 135
164 138
164 139
164 140
164 141
164 143
164 144
164 145
164 146
164 147
164 148
164 151
164 153
164 155
164 156
164 157
164 160
164 162
164 163
165 1
165 3
165 4
165 5
165 7
165 8
165 9
165 10
165 12
165 13
165 14
165 15
165 16
165 18
165 19
165 22
165 24
165 26
165 33
165 34
165 35
165 36
165 38
165 39
165 40
165 42
165 43
165 46
165 47
165 48
165 49
165 50
165 51
165 52
165 53
165 54
165 55
165 56
165 60
165 61
165 63
165 65
165 66
165 68
165 69
165 71
165 72
165 75
165 76
165 77
165 78
165 80
165 81
165 82
165 83
165 85
165 87
165 88
165 89
165 90
165 91
165 92
165 95
165 96
165 97
165 99
165 100
165 101
165 102
165 103
165 104
165 105
165 106
165 108
165 112
165 114
165 115
165 116
165 117
165 119
165 120
165 121
165 122
165 123
165 124
165 126
165 127
165 129
165 130
165 132
165 133
165 134
165 136
165 138
165 140
165 141
165 147
165 149
165 151
165 154
165 155
165 156
165 158
165 159
165 162
165 163
166 1
166 2
166 3
166 4
166 5
166 10
166 11
166 13
166 15
166 16
166 17
166 18
166 19
166 20
166 23
166 24
166 26
166 27
166 28
166 29
166 31
166 32
166 33
166 35
166 38
166 39
166 40
166 41
166 43
166 45
166 46
166 48
166 50
166 51
166 52
166 54
166 57
166 59
166 60
166 62
166 64
166 65
166 69
166 70
166 71
166 72
166 73
166 74
166 76
166 79
166 82
166 83
166 84
166 85
166 87
166 90
166 91
166 94
166 96
166 97
166 98
166 101
166 102
166 103
166 106
166 111
166 115
166 116
166 117
166 120
166 122
166 123
166 125
166 126
166 128
166 129
166 130
166 131
166 132
166 133
166 134
166 135
166 137
166 138
166 139
166 140
166 141
166 144
166 145
166 146
166 147
166 148
166 150
166 151
166 153
166 155
166 156
166 158
166 159
166 160
166 161
166 162
166 163
166 164
167 1
167 3
167 4
167 6
167 7
167 8
167 10
167 11
167 14
167 15
167 16
167 17
167 18
167 21
167 24
167 27
167 28
167 30
167 31
167 33
167 35
167 36
167 39
167 40
167 42
167 46
167 47
167 49
167 50
167 52
167 53
167 54
167 57
167 58
167 59
167 61
167 62
167 64
167 65
167 66
167 67
167 69
167 71
167 72
167 73
167 74
167 75
167 77
167 82
167 84
167 89
167 90
167 92
167 93
167 98
167 100
167 102
167 104
167 105
167 110
167 111
167 112
167 114
167 115
167 116
167 117
167 118
167 119
167 120
167 124
167 125
167 126
167 128
167 129
167 131
167 132
167 134
167 135
167 136
167 137
167 141
167 142
167 143
167 144
167 145
167 147
167 148
167 149
167 150
167 153
167 155
167 157
167 159
167 164
167 166
168 1
168 2
168 3
168 5
168 9
168 10
168 12
168 13
168 14
168 15
168 18
168 19
168 20
168 21
168 23
168 24
168 25
168 27
168 28
168 29
168 30
168 31
168 32
168 33
168 34
168 35
168 36
168 37
168 38
168 41
168 43
168 44
168 49
168 50
168 51
168 54
168 55
168 57
168 60
168 61
168 62
168 63
168 64
168 65
168 66
168 67
168 68
168 70
168 71
168 73
168 74
168 76
168 77
168 85
168 86
168 87
168 89
168 90
168 92
168 93
168 94
168 96
168 98
168 100
168 103
168 105
168 109
168 110
168 112
168 113
168 114
168 116
168 118
168 119
168 121
168 123
168 125
168 127
168 129
168 131
168 133
168 134
168 135
168 137
168 138
168 142
168 144
168 150
168 151
168 152
168 153
168 154
168 156
168 157
168 158
168 159
168 160
168 161
168 162
168 163
168 164
168 165
168 167
169 1
169 3
169 4
169 5
169 7
169 9
169 11
169 14
169 18
169 19
169 20
169 25
169 28
169 29
169 30
169 31
169 32
169 36
169 37
169 38
169 42
169 43
169 46
169 48
169 50
169 51
169 52
169 53
169 55
169 56
169 57
169 61
169 63
169 64
169 67
169 68
169 69
169 70
169 71
169 72
169 73
169 74
169 76
169 80
169 83
169 85
169 86
169 87
169 88
169 89
169 96
169 99
169 103
169 104
169 105
169 107
169 108
169 109
169 110
169 112
169 115
169 116
169 117
169 118
169 119
169 121
169 122
169 123
169 126
169 127
169 128
169 130
169 131
169 132
169 133
169 134
169 135
169 137
169 142
169 143
169 144
169 145
169 146
169 148
169 150
169 152
169 153
169 154
169 156
169 158
169 160
169 161
169 162
169 165
169 166
169 167
170 3
170 9
170 10
170 15
170 16
170 17
170 18
170 19
170 22
170 23
170 25
170 26
170 27
170 28
170 31
170 32
170 33
170 35
170 36
170 39
170 41
170 43
170 44
170 46
170 47
170 49
170 50
170 52
170 56
170 58
170 59
170 62
170 63
170 64
170 65
170 69
170 71
170 78
170 80
170 82
170 83
170 84
170 85
170 87
170 89
170 90
170 93
170 95
170 96
170 99
170 100
170 101
170 104
170 105
170 108
170 109
170 110
170 112
170 114
170 118
170 121
170 122
170 125
170 126
170 127
170 128
170 129
170 130
170 131
170 132
170 133
170 134
170 135
170 137
170 138
170 139
170 140
170 142
170 143
170 145
170 146
170 149
170 150
170 152
170 155
170 156
170 157
170 160
170 162
170 163
170 164
170 165
170 167
170 168
170 169
171 1
171 2
171 4
171 6
171 7
171 9
171 10
171 11
171 12
171 14
171 17
171 18
171 19
171 22
171 23
171 28
171 32
171 33
171 34
171 36
171 37
171 40
171 41
171 42
171 44
171 45
171 51
171 53
171 58
171 59
171 60
171 61
171 64
171 65
171 66
171 67
171 68
171 69
171 70
171 72
171 73
171 75
171 77
171 78
171 79
171 80
171 81
171 83
171 87
171 88
171 89
171 90
171 92
171 93
171 99
171 100
171 102
171 103
171 106
171 107
171 108
171 110
171 112
171 113
171 114
171 116
171 118
171 120
171 122
171 123
171 124
171 125
171 126
171 127
171 128
171 129
171 131
171 132
171 134
171 135
171 138
171 139
171 141
171 142
171 143
171 144
171 145
171 146
171 148
171 149
171 150
171 151
171 152
171 153
171 156
171 157
171 158
171 160
171 162
171 163
171 165
171 168
171 169
171 170
172 2
172 13
172 14
172 15
172 16
172 18
172 19
172 22
172 23
172 24
172 26
172 28
172 29
172 30
172 31
172 32
172 34
172 36
172 41
172 42
172 45
172 49
172 50
172 52
172 53
172 54
172 55
172 56
172 57
172 60
172 62
172 65
172 66
172 67
172 68
172 70
172 72
172 75
172 77
172 79
172 80
172 82
172 83
172 84
172 85
172 89
172 91
172 93
172 95
172 96
172 98
172 99
172 100
172 101
172 102
172 104
172 108
172 110
172 111
172 113
172 115
172 118
172 119
172 121
172 124
172 126
172 128
172 129
172 130
172 131
172 132
172 134
172 135
172 138
172 139
172 140
172 141
172 142
172 143
172 144
172 146
172 147
172 149
172 150
172 151
172 154
172 155
172 157
172 162
172 163
172 165
172 166
172 167
172 168
172 170
173 1
173 2
173 4
173 5
173 7
173 9
173 10
173 12
173 13
173 14
173 16
173 20
173 23
173 24
173 25
173 26
173 27
173 29
173 30
173 33
173 34
173 35
173 36
173 37
173 38
173 39
173 40
173 42
173 43
173 44
173 45
173 47
173 48
173 51
173 52
173 53
173 55
173 57
173 58
173 59
173 62
173 64
173 65
173 67
173 68
173 69
173 70
173 71
173 79
173 80
173 81
173 82
173 83
173 84
173 85
173 86
173 87
173 88
173 90
173 91
173 93
173 94
173 95
173 96
173 97
173 98
173 99
173 100
173 103
173 104
173 106
173 107
173 108
173 109
173 110
173 111
173 112
173 114
173 117
173 118
173 121
173 122
173 124
173 127
173 130
173 131
173 132
173 133
173 135
173 136
173 138
173 141
173 142
173 143
173 144
173 145
173 147
173 148
173 149
173 151
173 155
173 157
173 158
173 160
173 161
173 163
173 164
173 165
173 167
173 169
173 170
173 171
174 1
174 6
174 7
174 9
174 10
174 11
174 12
174 15
174 17
174 19
174 20
174 21
174 22
174 23
174 24
174 25
174 27
174 28
174 30
174 32
174 33
174 35
174 40
174 41
174 42
174 43
174 44
174 45
174 46
174 47
174 48
174 49
174 50
174 53
174 55
174 58
174 59
174 61
174 62
174 63
174 64
174 65
174 66
174 68
174 71
174 72
174 73
174 75
174 76
174 77
174 78
174 79
174 82
174 83
174 86
174 87
174 88
174 89
174 90
174 91
174 92
174 94
174 98
174 100
174 101
174 102
174 104
174 105
174 106
174 107
174 108
174 112
174 114
174 118
174 119
174 120
174 123
174 125
174 127
174 128
174 129
174 130
174 132
174 134
174 135
174 137
174 139
174 140
174 141
174 142
174 144
174 145
174 147
174 148
174 151
174 154
174 155
174 156
174 157
174 158
174 159
174 160
174 161
174 162
174 164
174 165
174 166
174 168
174 171
174 172
174 173
175 1
175 6
175 7
175 10
175 11
175 14
175 17
175 21
175 22
175 23
175 24
175 25
175 26
175 27
175 29
175 30
175 31
175 32
175 33
175 34
175 35
175 36
175 37
175 38
175 40
175 44
175 45
175 47
175 51
175 52
175 53
175 54
175 56
175 57
175 59
175 60
175 62
175 63
175 64
175 66
175 68
175 69
175 71
175 72
175 73
175 74
175 77
175 80
175 82
175 83
175 84
175 85
175 86
175 87
175 89
175 92
175 93
175 95
175 96
175 97
175 98
175 99
175 101
175 102
175 104
175 106
175 109
175 110
175 112
175 113
175 114
175 115
175 117
175 122
175 124
175 125
175 126
175 127
175 128
175 131
175 133
175 135
175 137
175 138
175 141
175 142
175 143
175 145
175 146
175 147
175 149
175 151
175 152
175 154
175 155
175 156
175 159
175 160
175 161
175 162
175 163
175 165
175 169
175 170
175 173
175 174
176 1
176 2
176 3
176 8
176 9
176 10
176 11
176 13
176 15
176 16
176 17
176 18
176 21
176 22
176 23
176 24
176 25
176 26
176 27
176 30
176 31
176 33
176 35
176 36
176 37
176 38
176 39
176 41
176 42
176 43
176 45
176 47
176 50
176 51
176 52
176 53
176 57
176 58
176 62
176 63
176 64
176 65
176 67
176 68
176 69
176 71
176 72
176 73
176 75
176 77
176 80
176 81
176 82
176 84
176 85
176 86
176 87
176 88
176 89
176 90
176 91
176 92
176 93
176 94
176 95
176 96
176 97
176 100
176 101
176 102
176 104
176 105
176 106
176 107
176 108
176 109
176 110
176 111
176 112
176 113
176 117
176 118
176 119
176 120
176 121
176 122
176 123
176 126
176 127
176 128
176 129
176 131
176 132
176 133
176 134
176 135
176 136
176 141
176 143
176 145
176 146
176 147
176 148
176 149
176 150
176 156
176 157
176 159
176 163
176 165
176 166
176 167
176 168
176 169
176 170
176 172
176 174
176 175
177 1
177 3
177 4
177 11
177 14
177 17
177 18
177 20
177 21
177 22
177 25
177 26
177 27
177 32
177 35
177 37
177 39
177 40
177 42
177 49
177 50
177 51
177 52
177 55
177 57
177 58
177 60
177 62
177 64
177 65
177 66
177 67
177 70
177 71
177 73
177 74
177 75
177 78
177 79
177 80
177 82
177 83
177 84
177 85
177 87
177 88
177 90
177 91
177 94
177 95
177 96
177 97
177 98
177 100
177 101
177 102
177 103
177 104
177 105
177 106
177 108
177 110
177 111
177 112
177 116
177 118
177 119
177 122
177 123
177 125
177 128
177 129
177 132
177 135
177 136
177 137
177 138
177 139
177 140
177 141
177 142
177 143
177 145
177 146
177 147
177 150
177 151
177 153
177 155
177 156
177 158
177 162
177 165
177 166
177 168
177 169
177 171
177 173
177 174
177 175
177 176
178 4
178 5
178 6
178 9
178 12
178 13
178 15
178 18
178 19
178 20
178 21
178 22
178 26
178 27
178 29
178 32
178 33
178 35
178 36
178 38
178 40
178 41
178 43
178 48
178 49
178 50
178 51
178 55
178 58
178 61
178 62
178 63
178 66
178 69
178 71
178 72
178 73
178 74
178 75
178 76
178 77
178 79
178 80
178 82
178 83
178 84
178 86
178 89
178 90
178 92
178 96
178 97
178 98
178 100
178 102
178 103
178 104
178 105
178 106
178 110
178 111
178 112
178 113
178 114
178 115
178 116
178 117
178 118
178 121
178 126
178 127
178 130
178 132
178 134
178 136
178 138
178 139
178 144
178 146
178 148
178 149
178 150
178 152
178 157
178 158
178 159
178 160
178 163
178 165
178 170
178 171
178 173
178 176
179 1
179 2
179 4
179 5
179 7
179 8
179 9
179 10
179 11
179 12
179 13
179 16
179 17
179 18
179 21
179 22
179 25
179 26
179 28
179 29
179 31
179 32
179 33
179 34
179 35
179 36
179 37
179 41
179 44
179 45
179 48
179 50
179 52
179 54
179 55
179 56
179 60
179 65
179 67
179 68
179 69
179 71
179 75
179 76
179 78
179 79
179 80
179 81
179 82
179 86
179 89
179 90
179 91
179 93
179 98
179 99
179 100
179 101
179 102
179 103
179 105
179 106
179 107
179 109
179 111
179 112
179 113
179 114
179 115
179 117
179 118
179 121
179 126
179 127
179 128
179 129
179 130
179 134
179 135
179 136
179 137
179 138
179 139
179 140
179 141
179 142
179 143
179 147
179 148
179 152
179 154
179 155
179 157
179 158
179 159
179 160
179 161
179 162
179 163
179 164
179 165
179 167
179 170
179 173
179 174
179 175
179 178
180 1
180 5
180 6
180 8
180 9
180 10
180 11
180 12
180 13
180 14
180 15
180 16
180 19
180 20
180 21
180 22
180 23
180 25
180 26
180 28
180 29
180 30
180 32
180 33
180 37
180 41
180 42
180 44
180 45
180 46
180 48
180 50
180 51
180 52
180 53
180 55
180 57
180 58
180 59
180 61
180 62
180 64
180 66
180 68
180 69
180 72
180 73
180 74
180 77
180 78
180 79
180 80
180 81
180 82
180 85
180 87
180 88
180 90
180 92
180 94
180 97
180 98
180 100
180 102
180 103
180 104
180 105
180 106
180 107
180 108
180 110
180 111
180 112
180 114
180 116
180 117
180 119
180 121
180 122
180 123
180 124
180 129
180 131
180 132
180 136
180 138
180 139
180 141
180 145
180 146
180 147
180 148
180 149
180 150
180 151
180 154
180 157
180 160
180 161
180 163
180 166
180 167
180 169
180 171
180 172
180 173
180 174
180 175
180 176
180 177
180 178
181 2
181 3
181 5
181 9
181 10
181 11
181 13
181 14
181 18
181 19
181 22
181 23
181 24
181 26
181 27
181 28
181 32
181 33
181 34
181 35
181 36
181 37
181 39
181 40
181 42
181 45
181 46
181 47
181 48
181 49
181 52
181 53
181 54
181 55
181 56
181 57
181 58
181 59
181 60
181 63
181 64
181 65
181 68
181 72
181 73
181 74
181 75
181 76
181 78
181 80
181 81
181 82
181 83
181 84
181 85
181 86
181 89
181 91
181 92
181 95
181 96
181 98
181 99
181 100
181 102
181 103
181 104
181 105
181 106
181 107
181 108
181 110
181 111
181 112
181 113
181 116
181 120
181 122
181 123
181 128
181 131
181 132
181 133
181 134
181 135
181 139
181 143
181 144
181 146
181 147
181 148
181 150
181 153
181 155
181 156
181 159
181 160
181 161
181 162
181 164
181 165
181 167
181 168
181 171
181 172
181 173
181 174
181 176
181 177
181 178
181 180
182 1
182 3
182 4
182 5
182 7
182 8
182 9
182 10
182 14
182 15
182 16
182 17
182 18
182 19
182 20
182 22
182 23
182 26
182 28
182 31
182 35
182 36
182 38
182 39
182 41
182 42
182 43
182 44
182 47
182 48
182 49
182 52
182 53
182 54
182 55
182 57
182 58
182 59
182 62
182 63
182 64
182 65
182 66
182 67
182 73
182 74
182 78
182 80
182 81
182 82
182 83
182 84
182 85
182 86
182 87
182 91
182 92
182 95
182 98
182 99
182 101
182 102
182 104
182 105
182 107
182 108
182 109
182 110
182 111
182 112
182 113
182 114
182 115
182 116
182 118
182 120
182 121
182 122
182 123
182 124
182 126
182 128
182 129
182 131
182 135
182 136
182 138
182 140
182 141
182 142
182 143
182 146
182 148
182 151
182 152
182 154
182 155
182 157
182 158
182 159
182 161
182 162
182 164
182 165
182 168
182 169
182 171
182 172
182 174
182 175
182 177
182 179
182 180
183 2
183 3
183 4
183 7
183 10
183 15
183 17
183 18
183 21
183 23
183 27
183 28
183 29
183 30
183 31
183 32
183 36
183 37
183 39
183 40
183 41
183 42
183 43
183 44
183 48
183 51
183 52
183 55
183 56
183 57
183 60
183 61
183 62
183 65
183 70
183 71
183 72
183 73
183 74
183 75
183 76
183 77
183 78
183 80
183 81
183 82
183 83
183 84
183 86
183 87
183 88
183 89
183 90
183 92
183 93
183 94
183 95
183 99
183 100
183 101
183 103
183 105
183 106
183 108
183 111
183 112
183 115
183 117
183 118
183 119
183 120
183 121
183 122
183 127
183 131
183 135
183 136
183 139
183 141
183 142
183 144
183 146
183 147
183 148
183 149
183 152
183 154
183 156
183 157
183 158
183 159
183 160
183 161
183 165
183 166
183 168
183 169
183 170
183 173
183 175
183 176
183 177
183 178
183 179
183 180
183 181
183 182
184 1
184 2
184 3
184 5
184 7
184 8
184 10
184 11
184 12
184 13
184 14
184 15
184 16
184 17
184 19
184 21
184 23
184 24
184 26
184 27
184 29
184 30
184 31
184 33
184 37
184 40
184 41
184 42
184 43
184 44
184 46
184 47
184 48
184 50
184 51
184 52
184 54
184 56
184 57
184 58
184 59
184 60
184 61
184 64
184 65
184 66
184 67
184 69
184 70
184 71
184 73
184 76
184 78
184 79
184 81
184 82
184 83
184 85
184 87
184 90
184 93
184 94
184 95
184 96
184 97
184 98
184 99
184 100
184 101
184 103
184 104
184 105
184 106
184 107
184 108
184 111
184 112
184 114
184 115
184 116
184 117
184 118
184 119
184 120
184 121
184 123
184 124
184 125
184 126
184 128
184 130
184 131
184 132
184 134
184 135
184 136
184 140
184 141
184 142
184 146
184 148
184 150
184 152
184 156
184 157
184 158
184 160
184 162
184 163
184 165
184 166
184 167
184 168
184 169
184 170
184 172
184 175
184 179
184 181
185 3
185 4
185 7
185 8
185 9
185 11
185 13
185 14
185 16
185 18
185 19
185 20
185 21
185 22
185 25
185 27
185 28
185 29
185 30
185 32
185 35
185 36
185 41
185 42
185 44
185 45
185 46
185 48
185 50
185 51
185 52
185 53
185 54
185 56
185 58
185 60
185 61
185 63
185 64
185 66
185 68
185 71
185 74
185 75
185 76
185 79
185 82
185 84
185 88
185 91
185 93
185 94
185 95
185 96
185 98
185 99
185 101
185 103
185 105
185 111
185 113
185 114
185 115
185 116
185 120
185 121
185 123
185 126
185 127
185 129
185 132
185 133
185 134
185 135
185 136
185 137
185 138
185 139
185 141
185 143
185 146
185 148
185 149
185 150
185 151
185 153
185 154
185 156
185 158
185 159
185 160
185 161
185 163
185 164
185 169
185 172
185 173
185 174
185 176
185 178
185 180
185 182
185 183
186 1
186 3
186 4
186 6
186 9
186 11
186 12
186 13
186 15
186 21
186 23
186 24
186 25
186 27
186 29
186 30
186 33
186 34
186 35
186 38
186 40
186 42
186 44
186 45
186 46
186 48
186 51
186 52
186 53
186 54
186 57
186 58
186 62
186 63
186 64
186 67
186 68
186 70
186 71
186 72
186 74
186 76
186 77
186 79
186 80
186 81
186 82
186 83
186 84
186 85
186 86
186 88
186 89
186 90
186 91
186 92
186 95
186 96
186 97
186 100
186 101
186 102
186 104
186 105
186 106
186 109
186 111
186 113
186 114
186 116
186 120
186 121
186 122
186 123
186 124
186 134
186 135
186 136
186 137
186 138
186 139
186 140
186 141
186 142
186 143
186 145
186 148
186 151
186 155
186 156
186 159
186 160
186 161
186 162
186 163
186 164
186 166
186 167
186 169
186 170
186 171
186 174
186 176
186 177
186 178
186 179
186 181
186 184
186 185
187 4
187 5
187 6
187 7
187 10
187 11
187 12
187 13
187 14
187 15
187 16
187 18
187 19
187 20
187 21
187 23
187 27
187 28
187 31
187 32
187 33
187 34
187 35
187 36
187 37
187 38
187 39
187 41
187 43
187 44
187 46
187 47
187 49
187 50
187 51
187 52
187 53
187 54
187 55
187 56
187 58
187 59
187 60
187 61
187 62
187 63
187 64
187 65
187 67
187 70
187 73
187 75
187 80
187 83
187 85
187 86
187 87
187 89
187 91
187 92
187 93
187 94
187 95
187 97
187 101
187 102
187 104
187 105
187 106
187 107
187 108
187 110
187 115
187 120
187 121
187 123
187 125
187 126
187 128
187 129
187 131
187 134
187 135
187 136
187 137
187 139
187 140
187 142
187 143
187 144
187 147
187 149
187 150
187 151
187 152
187 154
187 156
187 157
187 159
187 161
187 163
187 164
187 165
187 167
187 169
187 171
187 172
187 174
187 177
187 178
187 179
187 181
187 184
187 185
188 1
188 2
188 6
188 7
188 10
188 12
188 13
188 14
188 16
188 18
188 19
188 21
188 22
188 25
188 26
188 27
188 28
188 29
188 31
188 33
188 34
188 36
188 40
188 41
188 42
188 44
188 46
188 47
188 50
188 51
188 54
188 56
188 57
188 58
188 60
188 62
188 63
188 64
188 65
188 67
188 70
188 71
188 74
188 75
188 77
188 80
188 81
188 82
188 83
188 84
188 85
188 86
188 87
188 89
188 90
188 91
188 92
188 93
188 94
188 95
188 97
188 100
188 101
188 102
188 103
188 104
188 105
188 106
188 109
188 110
188 111
188 112
188 113
188 115
188 119
188 120
188 121
188 122
188 125
188 126
188 128
188 129
188 132
188 133
188 134
188 135
188 138
188 141
188 142
188 143
188 150
188 151
188 152
188 155
188 156
188 159
188 160
188 161
188 162
188 163
188 165
188 168
188 170
188 172
188 173
188 174
188 175
188 176
188 178
188 180
188 181
188 187
189 1
189 3
189 5
189 6
189 9
189 10
189 11
189 12
189 13
189 14
189 15
189 16
189 17
189 20
189 21
189 22
189 24
189 25
189 28
189 29
189 33
189 34
189 35
189 36
189 37
189 39
189 41
189 42
189 43
189 46
189 47
189 48
189 49
189 50
189 51
189 52
189 54
189 55
189 56
189 57
189 59
189 60
189 62
189 63
189 64
189 65
189 67
189 68
189 69
189 70
189 72
189 74
189 75
189 77
189 79
189 81
189 83
189 85
189 86
189 87
189 88
189 93
189 95
189 97
189 100
189 101
189 103
189 104
189 106
189 107
189 108
189 109
189 110
189 111
189 114
189 115
189 116
189 117
189 119
189 120
189 123
189 125
189 126
189 128
189 129
189 130
189 131
189 132
189 133
189 134
189 136
189 137
189 141
189 143
189 147
189 148
189 150
189 152
189 153
189 155
189 157
189 158
189 160
189 162
189 163
189 164
189 165
189 166
189 167
189 168
189 169
189 170
189 172
189 174
189 175
189 178
189 179
189 181
189 182
189 183
189 186
190 2
190 3
190 4
190 6
190 8
190 9
190 11
190 13
190 16
190 17
190 18
190 20
190 21
190 22
190 24
190 26
190 28
190 30
190 32
190 34
190 38
190 41
190 42
190 44
190 46
190 48
190 51
190 52
190 53
190 54
190 56
190 60
190 62
190 63
190 64
190 65
190 66
190 67
190 68
190 71
190 73
190 75
190 77
190 78
190 79
190 83
190 84
190 85
190 87
190 89
190 91
190 93
190 94
190 95
190 96
190 97
190 98
190 100
190 101
190 103
190 105
190 106
190 107
190 108
190 109
190 110
190 111
190 112
190 113
190 114
190 115
190 116
190 117
190 118
190 119
190 120
190 121
190 122
190 123
190 124
190 127
190 129
190 131
190 132
190 133
190 134
190 136
190 138
190 140
190 142
190 144
190 145
190 146
190 147
190 151
190 152
190 153
190 154
190 155
190 156
190 157
190 160
190 161
190 163
190 164
190 165
190 166
190 167
190 169
190 171
190 172
190 173
190 175
190 176
190 178
190 179
190 180
190 181
190 182
190 183
190 189
191 2
191 4
191 5
191 6
191 7
191 8
191 9
191 10
191 16
191 17
191 19
191 20
191 21
191 22
191 24
191 25
191 26
191 27
191 28
191 29
191 30
191 31
191 32
191 34
191 36
191 39
191 41
191 43
191 44
191 46
191 48
191 50
191 51
191 53
191 54
191 55
191 56
191 57
191 58
191 60
191 62
191 65
191 66
191 67
191 68
191 70
191 71
191 72
191 73
191 74
191 76
191 79
191 80
191 83
191 84
191 85
191 86
191 89
191 90
191 93
191 95
191 98
191 99
191 101
191 102
191 103
191 106
191 108
191 110
191 114
191 115
191 116
191 118
191 121
191 125
191 126
191 129
191 134
191 136
191 137
191 138
191 140
191 141
191 142
191 143
191 147
191 148
191 150
191 151
191 152
191 153
191 154
191 155
191 157
191 158
191 159
191 161
191 162
191 163
191 164
191 165
191 166
191 168
191 169
191 170
191 172
191 174
191 175
191 178
191 179
191 180
191 181
191 182
191 183
191 184
191 185
191 187
191 189
191 190
192 1
192 3
192 4
192 5
192 6
192 7
192 8
192 9
192 10
192 11
192 13
192 14
192 15
192 17
192 18
192 19
192 23
192 26
192 30
192 31
192 32
192 33
192 34
192 37
192 39
192 41
192 42
192 43
192 44
192 45
192 47
192 48
192 49
192 50
192 54
192 55
192 58
192 59
192 61
192 63
192 64
192 65
192 69
192 70
192 71
192 73
192 74
192 75
192 76
192 77
192 78
192 79
192 80
192 81
192 82
192 86
192 88
192 90
192 91
192 92
192 93
192 94
192 96
192 98
192 99
192 100
192 103
192 104
192 105
192 107
192 108
192 111
192 112
192 113
192 114
192 115
192 118
192 119
192 120
192 122
192 123
192 124
192 125
192 126
192 128
192 130
192 132
192 133
192 134
192 136
192 138
192 139
192 144
192 146
192 147
192 148
192 149
192 150
192 152
192 154
192 156
192 157
192 158
192 160
192 162
192 166
192 169
192 170
192 171
192 172
192 173
192 174
192 175
192 176
192 177
192 178
192 179
192 180
192 183
192 185
192 186
192 187
192 188
193 3
193 5
193 7
193 8
193 9
193 12
193 15
193 17
193 20
193 22
193 23
193 26
193 27
193 28
193 29
193 30
193 31
193 32
193 33
193 34
193 37
193 40
193 41
193 42
193 43
193 45
193 49
193 50
193 51
193 52
193 53
193 54
193 55
193 56
193 58
193 59
193 60
193 61
193 63
193 66
193 69
193 71
193 73
193 75
193 77
193 78
193 79
193 81
193 83
193 85
193 86
193 88
193 89
193 91
193 93
193 95
193 96
193 99
193 101
193 103
193 104
193 105
193 106
193 107
193 108
193 109
193 111
193 113
193 114
193 115
193 116
193 119
193 120
193 121
193 123
193 124
193 126
193 127
193 128
193 129
193 130
193 131
193 132
193 133
193 134
193 139
193 140
193 141
193 142
193 145
193 147
193 148
193 151
193 152
193 153
193 154
193 155
193 156
193 157
193 158
193 159
193 160
193 162
193 163
193 166
193 170
193 172
193 173
193 175
193 177
193 178
193 179
193 180
193 181
193 182
193 183
193 185
193 188
193 190
193 191
193 192
194 1
194 2
194 3
194 4
194 5
194 6
194 7
194 10
194 12
194 13
194 14
194 15
194 16
194 19
194 20
194 21
194 23
194 25
194 29
194 30
194 31
194 34
194 35
194 39
194 41
194 44
194 45
194 47
194 48
194 50
194 52
194 53
194 54
194 55
194 57
194 58
194 59
194 60
194 61
194 63
194 64
194 65
194 66
194 67
194 69
194 70
194 71
194 73
194 74
194 75
194 77
194 78
194 79
194 80
194 82
194 83
194 84
194 85
194 87
194 88
194 92
194 93
194 96
194 97
194 98
194 99
194 100
194 101
194 105
194 106
194 108
194 110
194 111
194 112
194 113
194 115
194 119
194 120
194 121
194 123
194 125
194 127
194 128
194 132
194 133
194 135
194 138
194 139
194 142
194 143
194 145
194 146
194 147
194 148
194 150
194 151
194 152
194 154
194 156
194 157
194 158
194 160
194 162
194 164
194 165
194 166
194 167
194 168
194 170
194 174
194 175
194 176
194 177
194 178
194 179
194 180
194 181
194 183
194 184
194 185
194 186
194 189
194 191
194 192
194 193
195 2
195 5
195 6
195 8
195 9
195 10
195 11
195 12
195 13
195 15
195 17
195 18
195 19
195 20
195 21
195 22
195 23
195 24
195 25
195 27
195 31
195 32
195 34
195 36
195 37
195 38
195 39
195 40
195 44
195 45
195 46
195 48
195 49
195 50
195 51
195 53
195 54
195 57
195 58
195 61
195 64
195 66
195 67
195 69
195 70
195 71
195 73
195 74
195 75
195 77
195 78
195 80
195 81
195 82
195 83
195 85
195 86
195 87
195 89
195 90
195 91
195 94
195 96
195 99
195 100
195 101
195 103
195 104
195 106
195 107
195 109
195 110
195 111
195 112
195 113
195 115
195 118
195 119
195 120
195 122
195 124
195 125
195 126
195 128
195 129
195 130
195 131
195 134
195 135
195 136
195 137
195 139
195 141
195 143
195 144
195 145
195 146
195 147
195 148
195 149
195 151
195 154
195 155
195 160
195 161
195 162
195 165
195 166
195 167
195 168
195 169
195 171
195 172
195 174
195 175
195 176
195 181
195 182
195 183
195 184
195 185
195 186
195 189
195 192
195 193
196 2
196 3
196 4
196 7
196 8
196 9
196 10
196 11
196 14
196 15
196 17
196 20
196 21
196 23
196 26
196 27
196 30
196 31
196 33
196 35
196 36
196 37
196 41
196 42
196 45
196 46
196 47
196 50
196 51
196 52
196 54
196 58
196 59
196 61
196 62
196 66
196 67
196 68
196 71
196 76
196 78
196 79
196 81
196 82
196 84
196 85
196 86
196 87
196 88
196 90
196 91
196 92
196 94
196 95
196 96
196 97
196 98
196 100
196 103
196 104
196 108
196 109
196 111
196 113
196 117
196 118
196 119
196 120
196 121
196 122
196 123
196 124
196 125
196 126
196 127
196 129
196 132
196 138
196 139
196 141
196 142
196 143
196 145
196 146
196 147
196 149
196 151
196 153
196 155
196 157
196 159
196 162
196 165
196 167
196 168
196 169
196 173
196 174
196 175
196 176
196 177
196 179
196 180
196 182
196 183
196 185
196 186
196 188
196 189
196 190
196 191
196 194
196 195
197 1
197 2
197 3
197 4
197 5
197 7
197 9
197 11
197 12
197 13
197 15
197 18
197 20
197 25
197 31
197 33
197 34
197 36
197 37
197 41
197 42
197 43
197 44
197 45
197 46
197 51
197 53
197 54
197 57
197 59
197 60
197 61
197 63
197 65
197 69
197 70
197 72
197 74
197 75
197 76
197 78
197 80
197 81
197 82
197 83
197 84
197 85
197 87
197 88
197 89
197 90
197 94
197 96
197 97
197 98
197 100
197 103
197 108
197 109
197 112
197 113
197 114
197 116
197 117
197 121
197 122
197 124
197 126
197 130
197 132
197 133
197 134
197 135
197 136
197 137
197 138
197 139
197 140
197 142
197 144
197 147
197 149
197 150
197 151
197 154
197 155
197 156
197 157
197 158
197 159
197 160
197 162
197 164
197 165
197 167
197 168
197 169
197 173
197 175
197 176
197 177
197 179
197 182
197 183
197 184
197 188
197 189
197 190
197 191
197 193
197 194
197 195
198 1
198 2
198 3
198 4
198 6
198 8
198 10
198 12
198 13
198 16
198 17
198 18
198 19
198 20
198 21
198 22
198 23
198 24
198 26
198 27
198 28
198 29
198 31
198 34
198 37
198 39
198 41
198 43
198 44
198 48
198 49
198 51
198 52
198 53
198 57
198 60
198 61
198 63
198 66
198 67
198 68
198 69
198 70
198 72
198 73
198 76
198 78
198 79
198 80
198 81
198 82
198 83
198 84
198 86
198 87
198 91
198 92
198 95
198 98
198 100
198 101
198 104
198 105
198 107
198 108
198 109
198 111
198 112
198 114
198 116
198 117
198 119
198 120
198 121
198 123
198 124
198 127
198 128
198 129
198 130
198 132
198 133
198 135
198 136
198 137
198 139
198 141
198 144
198 148
198 149
198 150
198 153
198 154
198 155
198 156
198 157
198 159
198 160
198 161
198 162
198 163
198 164
198 165
198 166
198 167
198 169
198 171
198 172
198 174
198 178
198 179
198 180
198 181
198 182
198 183
198 185
198 186
198 189
198 190
198 191
198 192
198 194
198 197
199 3
199 4
199 5
199 7
199 8
199 9
199 10
199 11
199 16
199 17
199 19
199 20
199 21
199 22
199 28
199 30
199 31
199 32
199 33
199 36
199 37
199 38
199 39
199 40
199 41
199 42
199 43
199 45
199 46
199 47
199 49
199 50
199 51
199 53
199 54
199 56
199 58
199 59
199 60
199 61
199 64
199 65
199 66
199 67
199 69
199 71
199 72
199 73
199 74
199 75
199 78
199 79
199 80
199 81
199 82
199 84
199 86
199 87
199 88
199 89
199 92
199 93
199 97
199 99
199 100
199 101
199 104
199 105
199 106
199 107
199 108
199 109
199 110
199 111
199 113
199 117
199 120
199 121
199 124
199 125
199 126
199 127
199 128
199 133
199 135
199 138
199 140
199 143
199 146
199 147
199 150
199 151
199 154
199 155
199 156
199 157
199 158
199 160
199 161
199 162
199 165
199 166
199 167
199 168
199 169
199 170
199 174
199 175
199 176
199 177
199 178
199 179
199 180
199 181
199 184
199 186
199 187
199 188
199 191
199 192
199 193
199 194
199 195
199 197
199 198
200 3
200 5
200 6
200 7
200 8
200 9
200 10
200 11
200 13
200 14
200 16
200 17
200 18
200 20
200 21
200 26
200 27
200 28
200 29
200 31
200 32
200 35
200 37
200 38
200 41
200 43
200 45
200 46
200 47
200 48
200 49
200 50
200 52
200 53
200 54
200 55
200 56
200 57
200 58
200 59
200 60
200 63
200 64
200 65
200 69
200 70
200 71
200 72
200 73
200 75
200 77
200 79
200 80
200 81
200 82
200 86
200 88
200 90
200 91
200 93
200 95
200 98
200 99
200 103
200 104
200 105
200 108
200 110
200 112
200 116
200 122
200 123
200 127
200 130
200 131
200 132
200 133
200 135
200 136
200 137
200 138
200 140
200 142
200 143
200 144
200 145
200 146
200 149
200 154
200 159
200 160
200 161
200 164
200 165
200 166
200 167
200 171
200 175
200 176
200 177
200 178
200 179
200 180
200 183
200 184
200 187
200 189
200 190
200 191
200 193
200 194
200 196
200 197
200 198
200 199