Label   N               K       T       Spdup   Effic   SeqFr
CG22    2.20e+01        seq     5105
        2.20e+01        1       5105    1.000   1.000   2.046
        2.20e+01        2       4031    1.266   0.633
        2.20e+01        3       4700    1.086   0.362
        2.20e+01        4       4036    1.265   0.316
        2.20e+01        5       4360    1.171   0.234
        2.20e+01        6       3400    1.501   0.250
        2.20e+01        7       3400    1.501   0.214
        2.20e+01        8       3393    1.505   0.188
        2.20e+01        16      2611    1.955   0.122

Label   N               K       T       Spdup   Effic   SeqFr
CG23    2.30e+01        seq     9475
        2.30e+01        1       9475    1.000   1.000   1.152
        2.30e+01        2       8159    1.161   0.581
        2.30e+01        3       7170    1.321   0.440
        2.30e+01        4       7872    1.204   0.301
        2.30e+01        5       7720    1.227   0.245
        2.30e+01        6       6280    1.509   0.251
        2.30e+01        7       5700    1.662   0.237
        2.30e+01        8       6180    1.533   0.192
        2.30e+01        16      5790    1.636   0.102

Label   N               K       T       Spdup   Effic   SeqFr
CG24    2.40e+01        seq     15478
        2.40e+01        1       15478   1.000   1.000   0.736
        2.40e+01        2       15027   1.030   0.515
        2.40e+01        3       15830   0.978   0.326
        2.40e+01        4       15735   0.984   0.246
        2.40e+01        5       14430   1.073   0.215
        2.40e+01        6       14200   1.090   0.182
        2.40e+01        7       10330   1.498   0.214
        2.40e+01        8       10107   1.531   0.191
        2.40e+01        16      10095   1.533   0.096

Label   N               K       T       Spdup   Effic   SeqFr
CG25    2.50e+01        seq     30828
        2.50e+01        1       30828   1.000   1.000   0.385
        2.50e+01        2       34086   0.904   0.452
        2.50e+01        3       33620   0.917   0.306
        2.50e+01        4       26962   1.143   0.286
        2.50e+01        5       27690   1.113   0.223
        2.50e+01        6       26000   1.186   0.198
        2.50e+01        7       19970   1.544   0.221
        2.50e+01        8       18598   1.658   0.207
        2.50e+01        16      19161   1.609   0.101