Label   N               K       T       Spdup   Effic   SeqFr
CG22    2.20e+01        seq     38500
        2.20e+01        1       38500   1.000   1.000   0.153
        2.20e+01        2       21730   1.772   0.886
        2.20e+01        3       17510   2.199   0.733
        2.20e+01        4       13195   2.918   0.729
        2.20e+01        5       10750   3.581   0.716
        2.20e+01        6       11750   3.277   0.546
        2.20e+01        7       10980   3.506   0.501
        2.20e+01        8       10628   3.623   0.453
        2.20e+01        16      10110   3.808   0.238

Label   N               K       T       Spdup   Effic   SeqFr
CG23    2.30e+01        seq     81406
        2.30e+01        1       81406   1.000   1.000   0.076
        2.30e+01        2       44469   1.831   0.915
        2.30e+01        3       42600   1.911   0.637
        2.30e+01        4       25285   3.220   0.805
        2.30e+01        5       26520   3.070   0.614
        2.30e+01        6       23200   3.509   0.585
        2.30e+01        7       25240   3.225   0.461
        2.30e+01        8       20325   4.005   0.501
        2.30e+01        16      20270   4.016   0.251

Label   N               K       T       Spdup   Effic   SeqFr
CG24    2.40e+01        seq     188350
        2.40e+01        1       188350  1.000   1.000   0.034
        2.40e+01        2       92288   2.041   1.020
        2.40e+01        3       63050   2.987   0.996
        2.40e+01        4       57527   3.274   0.819
        2.40e+01        5       43680   4.312   0.862
        2.40e+01        6       42710   4.410   0.735
        2.40e+01        7       41590   4.529   0.647
        2.40e+01        8       43224   4.358   0.545
        2.40e+01        16      41955   4.489   0.281

Label   N               K       T       Spdup   Effic   SeqFr
CG25    2.50e+01        seq     407166
        2.50e+01        1       407166  1.000   1.000   0.016
        2.50e+01        2       193948  2.099   1.050
        2.50e+01        3       188690  2.158   0.719
        2.50e+01        4       108988  3.736   0.934
        2.50e+01        5       98120   4.150   0.830
        2.50e+01        6       89180   4.566   0.761
        2.50e+01        7       86310   4.717   0.674
        2.50e+01        8       85512   4.762   0.595
        2.50e+01        16      84678   4.808   0.301